161 1 2 3:[[1, 2, 2]] 5:[[1, 2, 1], [1, 2, 1]] 7:[[2, 2, 1]] 11:[[1, 2, 2]] 13:[[1, 2, 2]] 17:[[1, 2, 1], [1, 2, 1]] 19:[[1, 2, 1], [1, 2, 1]] 23:[[2, 1, 2]] 29:[[1, 1, 2], [1, 1, 2]] 31:[[1, 2, 2]] 37:[[1, 2, 2]] 41:[[1, 2, 2]] 43:[[1, 2, 2]] 47:[[1, 2, 2]]
217 1 2 3:[[1, 2, 1], [1, 2, 1]] 5:[[1, 2, 2]] 7:[[2, 1, 2]] 11:[[1, 2, 2]] 13:[[1, 2, 1], [1, 2, 1]] 17:[[1, 2, 1], [1, 2, 1]] 19:[[1, 2, 2]] 23:[[1, 2, 2]] 29:[[1, 2, 2]] 31:[[2, 2, 1]] 37:[[1, 2, 2]] 41:[[1, 2, 2]] 43:[[1, 2, 2]] 47:[[1, 2, 2]]
329 1 2 3:[[1, 2, 2]] 5:[[1, 2, 1], [1, 2, 1]] 7:[[2, 1, 2]] 11:[[1, 2, 2]] 13:[[1, 2, 1], [1, 2, 1]] 17:[[1, 2, 2]] 19:[[1, 2, 1], [1, 2, 1]] 23:[[1, 2, 2]] 29:[[1, 2, 2]] 31:[[1, 2, 1], [1, 2, 1]] 37:[[1, 1, 2], [1, 1, 2]] 41:[[1, 2, 1], [1, 2, 1]] 43:[[1, 2, 2]] 47:[[2, 2, 1]]
497 1 2 3:[[1, 2, 2]] 5:[[1, 2, 2]] 7:[[2, 2, 1]] 11:[[1, 2, 2]] 13:[[1, 2, 1], [1, 2, 1]] 17:[[1, 2, 1], [1, 2, 1]] 19:[[1, 2, 2]] 23:[[1, 2, 2]] 29:[[1, 1, 2], [1, 1, 2]] 31:[[1, 2, 1], [1, 2, 1]] 37:[[1, 1, 2], [1, 1, 2]] 41:[[1, 2, 1], [1, 2, 1]] 43:[[1, 1, 2], [1, 1, 2]] 47:[[1, 2, 1], [1, 2, 1]]
553 1 2 3:[[1, 2, 1], [1, 2, 1]] 5:[[1, 2, 2]] 7:[[2, 2, 1]] 11:[[1, 1, 2], [1, 1, 2]] 13:[[1, 2, 2]] 17:[[1, 2, 1], [1, 2, 1]] 19:[[1, 2, 2]] 23:[[1, 1, 2], [1, 1, 2]] 29:[[1, 2, 2]] 31:[[1, 2, 2]] 37:[[1, 2, 2]] 41:[[1, 2, 1], [1, 2, 1]] 43:[[1, 2, 2]] 47:[[1, 2, 1], [1, 2, 1]]
713 1 2 3:[[1, 2, 2]] 5:[[1, 2, 2]] 7:[[1, 2, 2]] 11:[[1, 2, 1], [1, 2, 1]] 13:[[1, 2, 2]] 17:[[1, 2, 1], [1, 2, 1]] 19:[[1, 2, 2]] 23:[[2, 2, 1]] 29:[[1, 2, 2]] 31:[[2, 1, 2]] 37:[[1, 2, 1], [1, 2, 1]] 41:[[1, 1, 2], [1, 1, 2]] 43:[[1, 2, 1], [1, 2, 1]] 47:[[1, 1, 2], [1, 1, 2]]
721 1 2 3:[[1, 2, 1], [1, 2, 1]] 5:[[1, 2, 1], [1, 2, 1]] 7:[[2, 1, 2]] 11:[[1, 2, 2]] 13:[[1, 2, 2]] 17:[[1, 2, 2]] 19:[[1, 2, 2]] 23:[[1, 1, 2], [1, 1, 2]] 29:[[1, 1, 2], [1, 1, 2]] 31:[[1, 2, 1], [1, 2, 1]] 37:[[1, 2, 2]] 41:[[1, 2, 2]] 43:[[1, 2, 2]] 47:[[1, 2, 1], [1, 2, 1]]
889 1 2 3:[[1, 2, 1], [1, 2, 1]] 5:[[1, 2, 1], [1, 2, 1]] 7:[[2, 2, 1]] 11:[[1, 1, 2], [1, 1, 2]] 13:[[1, 2, 2]] 17:[[1, 2, 2]] 19:[[1, 2, 2]] 23:[[1, 2, 2]] 29:[[1, 2, 2]] 31:[[1, 2, 2]] 37:[[1, 1, 2], [1, 1, 2]] 41:[[1, 2, 2]] 43:[[1, 2, 2]] 47:[[1, 2, 2]]
1057 1 2 3:[[1, 2, 1], [1, 2, 1]] 5:[[1, 2, 2]] 7:[[2, 2, 1]] 11:[[1, 1, 2], [1, 1, 2]] 13:[[1, 2, 1], [1, 2, 1]] 17:[[1, 2, 2]] 19:[[1, 2, 2]] 23:[[1, 2, 2]] 29:[[1, 1, 2], [1, 1, 2]] 31:[[1, 2, 2]] 37:[[1, 1, 2], [1, 1, 2]] 41:[[1, 2, 1], [1, 2, 1]] 43:[[1, 1, 2], [1, 1, 2]] 47:[[1, 2, 2]]
1081 1 2 3:[[1, 1, 2], [1, 1, 2]] 5:[[1, 2, 1], [1, 2, 1]] 7:[[1, 2, 2]] 11:[[1, 2, 1], [1, 2, 1]] 13:[[1, 2, 2]] 17:[[1, 2, 2]] 19:[[1, 2, 1], [1, 2, 1]] 23:[[2, 2, 1]] 29:[[1, 2, 2]] 31:[[1, 2, 2]] 37:[[1, 2, 2]] 41:[[1, 2, 2]] 43:[[1, 2, 1], [1, 2, 1]] 47:[[2, 1, 2]]
1169 1 2 3:[[1, 2, 2]] 5:[[1, 2, 1], [1, 2, 1]] 7:[[2, 1, 2]] 11:[[1, 1, 2], [1, 1, 2]] 13:[[1, 2, 1], [1, 2, 1]] 17:[[1, 2, 1], [1, 2, 1]] 19:[[1, 2, 2]] 23:[[1, 2, 2]] 29:[[1, 1, 2], [1, 1, 2]] 31:[[1, 2, 2]] 37:[[1, 2, 2]] 41:[[1, 2, 1], [1, 2, 1]] 43:[[1, 2, 2]] 47:[[1, 2, 2]]
1241 2 2 3:[[1, 2, 2]] 5:[[1, 2, 1], [1, 2, 1]] 7:[[1, 2, 1], [1, 2, 1]] 11:[[1, 2, 1], [1, 2, 1]] 13:[[1, 2, 2]] 17:[[2, 2, 1]] 19:[[1, 1, 2], [1, 1, 2]] 23:[[1, 2, 2]] 29:[[1, 2, 1], [1, 2, 1]] 31:[[1, 2, 1], [1, 2, 1]] 37:[[1, 2, 2]] 41:[[1, 2, 2]] 43:[[1, 2, 2]] 47:[[1, 2, 2]]
1337 1 2 3:[[1, 2, 2]] 5:[[1, 2, 2]] 7:[[2, 2, 1]] 11:[[1, 2, 2]] 13:[[1, 2, 2]] 17:[[1, 2, 2]] 19:[[1, 2, 1], [1, 2, 1]] 23:[[1, 1, 2], [1, 1, 2]] 29:[[1, 2, 2]] 31:[[1, 2, 1], [1, 2, 1]] 37:[[1, 2, 2]] 41:[[1, 2, 1], [1, 2, 1]] 43:[[1, 1, 2], [1, 1, 2]] 47:[[1, 2, 1], [1, 2, 1]]
1457 1 2 3:[[1, 2, 2]] 5:[[1, 2, 2]] 7:[[1, 1, 2], [1, 1, 2]] 11:[[1, 2, 1], [1, 2, 1]] 13:[[1, 2, 1], [1, 2, 1]] 17:[[1, 2, 2]] 19:[[1, 2, 2]] 23:[[1, 2, 1], [1, 2, 1]] 29:[[1, 2, 1], [1, 2, 1]] 31:[[2, 2, 1]] 37:[[1, 2, 2]] 41:[[1, 2, 2]] 43:[[1, 2, 1], [1, 2, 1]] 47:[[2, 1, 2]]
1513 2 4 3:[[1, 4, 1], [1, 4, 1]] 5:[[1, 2, 4]] 7:[[1, 4, 1], [1, 4, 1]] 11:[[1, 2, 4]] 13:[[1, 2, 4]] 17:[[2, 1, 4]] 19:[[1, 2, 4]] 23:[[1, 4, 1], [1, 4, 1]] 29:[[1, 4, 1], [1, 4, 1]] 31:[[1, 4, 1], [1, 4, 1]] 37:[[1, 4, 1], [1, 4, 1]] 41:[[1, 4, 1], [1, 4, 1]] 43:[[1, 2, 4]] 47:[[1, 2, 2], [1, 2, 2]]
1561 1 2 3:[[1, 2, 1], [1, 2, 1]] 5:[[1, 2, 1], [1, 2, 1]] 7:[[2, 1, 2]] 11:[[1, 2, 2]] 13:[[1, 2, 1], [1, 2, 1]] 17:[[1, 2, 2]] 19:[[1, 2, 2]] 23:[[1, 2, 2]] 29:[[1, 1, 2], [1, 1, 2]] 31:[[1, 2, 2]] 37:[[1, 1, 2], [1, 1, 2]] 41:[[1, 2, 2]] 43:[[1, 1, 2], [1, 1, 2]] 47:[[1, 2, 2]]
1633 1 2 3:[[1, 1, 2], [1, 1, 2]] 5:[[1, 2, 2]] 7:[[1, 2, 1], [1, 2, 1]] 11:[[1, 2, 1], [1, 2, 1]] 13:[[1, 2, 2]] 17:[[1, 2, 1], [1, 2, 1]] 19:[[1, 2, 2]] 23:[[2, 2, 1]] 29:[[1, 1, 2], [1, 1, 2]] 31:[[1, 2, 2]] 37:[[1, 2, 2]] 41:[[1, 2, 2]] 43:[[1, 2, 2]] 47:[[1, 2, 2]]
1649 2 2 3:[[1, 2, 2]] 5:[[1, 2, 1], [1, 2, 1]] 7:[[1, 2, 1], [1, 2, 1]] 11:[[1, 2, 2]] 13:[[1, 2, 2]] 17:[[2, 2, 1]] 19:[[1, 2, 2]] 23:[[1, 2, 1], [1, 2, 1]] 29:[[1, 2, 1], [1, 2, 1]] 31:[[1, 2, 2]] 37:[[1, 2, 1], [1, 2, 1]] 41:[[1, 2, 1], [1, 2, 1]] 43:[[1, 1, 2], [1, 1, 2]] 47:[[1, 1, 2], [1, 1, 2]]
1673 1 2 3:[[1, 2, 2]] 5:[[1, 2, 2]] 7:[[2, 2, 1]] 11:[[1, 1, 2], [1, 1, 2]] 13:[[1, 2, 1], [1, 2, 1]] 17:[[1, 2, 2]] 19:[[1, 2, 1], [1, 2, 1]] 23:[[1, 2, 2]] 29:[[1, 1, 2], [1, 1, 2]] 31:[[1, 2, 2]] 37:[[1, 2, 2]] 41:[[1, 2, 1], [1, 2, 1]] 43:[[1, 2, 2]] 47:[[1, 2, 1], [1, 2, 1]]
1817 1 2 3:[[1, 2, 2]] 5:[[1, 2, 2]] 7:[[1, 2, 1], [1, 2, 1]] 11:[[1, 2, 2]] 13:[[1, 1, 2], [1, 1, 2]] 17:[[1, 2, 1], [1, 2, 1]] 19:[[1, 2, 2]] 23:[[2, 1, 2]] 29:[[1, 2, 2]] 31:[[1, 1, 2], [1, 1, 2]] 37:[[1, 2, 1], [1, 2, 1]] 41:[[1, 2, 2]] 43:[[1, 2, 1], [1, 2, 1]] 47:[[1, 2, 2]]
1841 1 2 3:[[1, 2, 2]] 5:[[1, 2, 1], [1, 2, 1]] 7:[[2, 2, 1]] 11:[[1, 1, 2], [1, 1, 2]] 13:[[1, 2, 2]] 17:[[1, 2, 2]] 19:[[1, 2, 1], [1, 2, 1]] 23:[[1, 1, 2], [1, 1, 2]] 29:[[1, 2, 2]] 31:[[1, 2, 2]] 37:[[1, 1, 2], [1, 1, 2]] 41:[[1, 2, 1], [1, 2, 1]] 43:[[1, 1, 2], [1, 1, 2]] 47:[[1, 2, 1], [1, 2, 1]]
1921 2 2 3:[[1, 2, 1], [1, 2, 1]] 5:[[1, 2, 1], [1, 2, 1]] 7:[[1, 2, 2]] 11:[[1, 2, 2]] 13:[[1, 1, 2], [1, 1, 2]] 17:[[2, 2, 1]] 19:[[1, 2, 2]] 23:[[1, 2, 1], [1, 2, 1]] 29:[[1, 2, 1], [1, 2, 1]] 31:[[1, 2, 2]] 37:[[1, 2, 1], [1, 2, 1]] 41:[[1, 2, 2]] 43:[[1, 2, 2]] 47:[[1, 2, 2]]
2089 3 3 3:[[1, 3, 1], [1, 3, 1]] 5:[[1, 3, 1], [1, 3, 1]] 7:[[1, 2, 3]] 11:[[1, 2, 3]] 13:[[1, 3, 1], [1, 3, 1]] 17:[[1, 3, 1], [1, 3, 1]] 19:[[1, 2, 3]] 23:[[1, 2, 3]] 29:[[1, 3, 1], [1, 3, 1]] 31:[[1, 2, 3]] 37:[[1, 2, 3]] 41:[[1, 3, 1], [1, 3, 1]] 43:[[1, 3, 1], [1, 3, 1]] 47:[[1, 3, 1], [1, 3, 1]]
2201 1 2 3:[[1, 2, 2]] 5:[[1, 1, 2], [1, 1, 2]] 7:[[1, 2, 2]] 11:[[1, 2, 1], [1, 2, 1]] 13:[[1, 2, 1], [1, 2, 1]] 17:[[1, 2, 1], [1, 2, 1]] 19:[[1, 1, 2], [1, 1, 2]] 23:[[1, 2, 1], [1, 2, 1]] 29:[[1, 2, 2]] 31:[[2, 2, 1]] 37:[[1, 2, 2]] 41:[[1, 2, 2]] 43:[[1, 2, 2]] 47:[[1, 2, 2]]
2369 1 2 3:[[1, 2, 2]] 5:[[1, 2, 1], [1, 2, 1]] 7:[[1, 2, 2]] 11:[[1, 2, 1], [1, 2, 1]] 13:[[1, 1, 2], [1, 1, 2]] 17:[[1, 2, 2]] 19:[[1, 2, 2]] 23:[[2, 1, 2]] 29:[[1, 1, 2], [1, 1, 2]] 31:[[1, 2, 2]] 37:[[1, 2, 1], [1, 2, 1]] 41:[[1, 1, 2], [1, 1, 2]] 43:[[1, 2, 1], [1, 2, 1]] 47:[[1, 2, 2]]
2449 1 2 3:[[1, 2, 1], [1, 2, 1]] 5:[[1, 1, 2], [1, 1, 2]] 7:[[1, 2, 2]] 11:[[1, 2, 2]] 13:[[1, 2, 2]] 17:[[1, 2, 1], [1, 2, 1]] 19:[[1, 1, 2], [1, 1, 2]] 23:[[1, 2, 2]] 29:[[1, 2, 1], [1, 2, 1]] 31:[[2, 1, 2]] 37:[[1, 2, 1], [1, 2, 1]] 41:[[1, 2, 2]] 43:[[1, 2, 1], [1, 2, 1]] 47:[[1, 2, 2]]
2513 1 2 3:[[1, 2, 2]] 5:[[1, 2, 2]] 7:[[2, 2, 1]] 11:[[1, 1, 2], [1, 1, 2]] 13:[[1, 2, 1], [1, 2, 1]] 17:[[1, 2, 2]] 19:[[1, 2, 1], [1, 2, 1]] 23:[[1, 1, 2], [1, 1, 2]] 29:[[1, 2, 2]] 31:[[1, 2, 1], [1, 2, 1]] 37:[[1, 1, 2], [1, 1, 2]] 41:[[1, 2, 2]] 43:[[1, 2, 2]] 47:[[1, 2, 2]]
2569 1 2 3:[[1, 2, 1], [1, 2, 1]] 5:[[1, 2, 1], [1, 2, 1]] 7:[[2, 1, 2]] 11:[[1, 2, 2]] 13:[[1, 2, 2]] 17:[[1, 2, 1], [1, 2, 1]] 19:[[1, 2, 1], [1, 2, 1]] 23:[[1, 1, 2], [1, 1, 2]] 29:[[1, 2, 2]] 31:[[1, 2, 2]] 37:[[1, 1, 2], [1, 1, 2]] 41:[[1, 2, 2]] 43:[[1, 2, 2]] 47:[[1, 2, 2]]
2681 1 2 3:[[1, 2, 2]] 5:[[1, 2, 1], [1, 2, 1]] 7:[[2, 1, 2]] 11:[[1, 2, 2]] 13:[[1, 2, 1], [1, 2, 1]] 17:[[1, 2, 2]] 19:[[1, 2, 2]] 23:[[1, 1, 2], [1, 1, 2]] 29:[[1, 1, 2], [1, 1, 2]] 31:[[1, 2, 2]] 37:[[1, 2, 2]] 41:[[1, 2, 1], [1, 2, 1]] 43:[[1, 1, 2], [1, 1, 2]] 47:[[1, 2, 1], [1, 2, 1]]
2737 2 4 3:[[1, 2, 2], [1, 2, 2]] 5:[[1, 2, 4]] 7:[[2, 2, 2]] 11:[[1, 2, 2], [1, 2, 2]] 13:[[1, 2, 4]] 17:[[2, 2, 2]] 19:[[1, 2, 2], [1, 2, 2]] 23:[[2, 2, 2]] 29:[[1, 2, 4]] 31:[[1, 2, 2], [1, 2, 2]] 37:[[1, 2, 2], [1, 2, 2]] 41:[[1, 2, 2], [1, 2, 2]] 43:[[1, 2, 4]] 47:[[1, 2, 4]]
2921 1 2 3:[[1, 2, 2]] 5:[[1, 2, 1], [1, 2, 1]] 7:[[1, 2, 1], [1, 2, 1]] 11:[[1, 2, 2]] 13:[[1, 1, 2], [1, 1, 2]] 17:[[1, 2, 2]] 19:[[1, 2, 2]] 23:[[2, 2, 1]] 29:[[1, 2, 2]] 31:[[1, 1, 2], [1, 1, 2]] 37:[[1, 2, 2]] 41:[[1, 1, 2], [1, 1, 2]] 43:[[1, 2, 1], [1, 2, 1]] 47:[[1, 1, 2], [1, 1, 2]]
3017 1 2 3:[[1, 2, 2]] 5:[[1, 2, 2]] 7:[[2, 2, 1]] 11:[[1, 1, 2], [1, 1, 2]] 13:[[1, 2, 1], [1, 2, 1]] 17:[[1, 2, 1], [1, 2, 1]] 19:[[1, 2, 2]] 23:[[1, 1, 2], [1, 1, 2]] 29:[[1, 1, 2], [1, 1, 2]] 31:[[1, 2, 1], [1, 2, 1]] 37:[[1, 2, 2]] 41:[[1, 2, 2]] 43:[[1, 2, 2]] 47:[[1, 2, 1], [1, 2, 1]]
3073 1 2 3:[[1, 2, 1], [1, 2, 1]] 5:[[1, 2, 2]] 7:[[2, 1, 2]] 11:[[1, 1, 2], [1, 1, 2]] 13:[[1, 2, 2]] 17:[[1, 2, 1], [1, 2, 1]] 19:[[1, 2, 2]] 23:[[1, 2, 2]] 29:[[1, 1, 2], [1, 1, 2]] 31:[[1, 2, 1], [1, 2, 1]] 37:[[1, 2, 2]] 41:[[1, 2, 1], [1, 2, 1]] 43:[[1, 2, 2]] 47:[[1, 2, 1], [1, 2, 1]]
3193 1 2 3:[[1, 2, 1], [1, 2, 1]] 5:[[1, 2, 2]] 7:[[1, 1, 2], [1, 1, 2]] 11:[[1, 2, 1], [1, 2, 1]] 13:[[1, 2, 2]] 17:[[1, 2, 2]] 19:[[1, 1, 2], [1, 1, 2]] 23:[[1, 2, 2]] 29:[[1, 2, 2]] 31:[[2, 2, 1]] 37:[[1, 2, 1], [1, 2, 1]] 41:[[1, 1, 2], [1, 1, 2]] 43:[[1, 2, 1], [1, 2, 1]] 47:[[1, 2, 2]]
3241 1 2 3:[[1, 2, 1], [1, 2, 1]] 5:[[1, 2, 1], [1, 2, 1]] 7:[[2, 2, 1]] 11:[[1, 2, 2]] 13:[[1, 2, 1], [1, 2, 1]] 17:[[1, 2, 2]] 19:[[1, 2, 1], [1, 2, 1]] 23:[[1, 2, 2]] 29:[[1, 1, 2], [1, 1, 2]] 31:[[1, 2, 2]] 37:[[1, 2, 2]] 41:[[1, 2, 1], [1, 2, 1]] 43:[[1, 1, 2], [1, 1, 2]] 47:[[1, 2, 2]]
3337 1 2 3:[[1, 1, 2], [1, 1, 2]] 5:[[1, 2, 2]] 7:[[1, 2, 2]] 11:[[1, 2, 1], [1, 2, 1]] 13:[[1, 2, 1], [1, 2, 1]] 17:[[1, 2, 2]] 19:[[1, 2, 2]] 23:[[1, 2, 1], [1, 2, 1]] 29:[[1, 2, 2]] 31:[[1, 2, 1], [1, 2, 1]] 37:[[1, 1, 2], [1, 1, 2]] 41:[[1, 2, 1], [1, 2, 1]] 43:[[1, 2, 2]] 47:[[2, 2, 1]]
3353 1 2 3:[[1, 2, 2]] 5:[[1, 2, 2]] 7:[[2, 1, 2]] 11:[[1, 1, 2], [1, 1, 2]] 13:[[1, 2, 1], [1, 2, 1]] 17:[[1, 2, 1], [1, 2, 1]] 19:[[1, 2, 1], [1, 2, 1]] 23:[[1, 1, 2], [1, 1, 2]] 29:[[1, 2, 2]] 31:[[1, 2, 1], [1, 2, 1]] 37:[[1, 2, 2]] 41:[[1, 2, 1], [1, 2, 1]] 43:[[1, 2, 2]] 47:[[1, 2, 1], [1, 2, 1]]
3409 1 2 3:[[1, 2, 1], [1, 2, 1]] 5:[[1, 2, 1], [1, 2, 1]] 7:[[2, 2, 1]] 11:[[1, 2, 2]] 13:[[1, 2, 1], [1, 2, 1]] 17:[[1, 2, 1], [1, 2, 1]] 19:[[1, 2, 2]] 23:[[1, 2, 2]] 29:[[1, 1, 2], [1, 1, 2]] 31:[[1, 2, 2]] 37:[[1, 2, 2]] 41:[[1, 2, 2]] 43:[[1, 2, 2]] 47:[[1, 2, 1], [1, 2, 1]]
3473 1 2 3:[[1, 2, 2]] 5:[[1, 2, 2]] 7:[[1, 2, 1], [1, 2, 1]] 11:[[1, 2, 2]] 13:[[1, 2, 2]] 17:[[1, 2, 2]] 19:[[1, 2, 2]] 23:[[2, 2, 1]] 29:[[1, 1, 2], [1, 1, 2]] 31:[[1, 1, 2], [1, 1, 2]] 37:[[1, 2, 2]] 41:[[1, 2, 2]] 43:[[1, 2, 2]] 47:[[1, 1, 2], [1, 1, 2]]
3521 1 2 3:[[1, 2, 2]] 5:[[1, 2, 1], [1, 2, 1]] 7:[[2, 1, 2]] 11:[[1, 1, 2], [1, 1, 2]] 13:[[1, 2, 2]] 17:[[1, 2, 1], [1, 2, 1]] 19:[[1, 2, 1], [1, 2, 1]] 23:[[1, 1, 2], [1, 1, 2]] 29:[[1, 2, 2]] 31:[[1, 2, 1], [1, 2, 1]] 37:[[1, 2, 2]] 41:[[1, 2, 1], [1, 2, 1]] 43:[[1, 1, 2], [1, 1, 2]] 47:[[1, 2, 2]]
3649 2 2 3:[[1, 2, 1], [1, 2, 1]] 5:[[1, 1, 2], [1, 1, 2]] 7:[[1, 2, 1], [1, 2, 1]] 11:[[1, 2, 2]] 13:[[1, 2, 1], [1, 2, 1]] 17:[[1, 2, 2]] 19:[[1, 2, 1], [1, 2, 1]] 23:[[1, 2, 2]] 29:[[1, 2, 1], [1, 2, 1]] 31:[[1, 2, 2]] 37:[[1, 2, 2]] 41:[[2, 2, 1]] 43:[[1, 2, 2]] 47:[[1, 2, 2]]
3689 2 4 3:[[1, 2, 4]] 5:[[1, 2, 2], [1, 2, 2]] 7:[[2, 2, 2]] 11:[[1, 2, 2], [1, 2, 2]] 13:[[1, 2, 2], [1, 2, 2]] 17:[[2, 2, 2]] 19:[[1, 2, 4]] 23:[[1, 2, 2], [1, 2, 2]] 29:[[1, 2, 2], [1, 2, 2]] 31:[[2, 2, 2]] 37:[[1, 2, 2], [1, 2, 2]] 41:[[1, 2, 2], [1, 2, 2]] 43:[[1, 2, 4]] 47:[[1, 2, 4]]
3713 1 2 3:[[1, 2, 2]] 5:[[1, 2, 2]] 7:[[1, 2, 2]] 11:[[1, 2, 2]] 13:[[1, 2, 2]] 17:[[1, 2, 2]] 19:[[1, 2, 2]] 23:[[1, 2, 2]] 29:[[1, 2, 1], [1, 2, 1]] 31:[[1, 2, 2]] 37:[[1, 2, 2]] 41:[[1, 2, 1], [1, 2, 1]] 43:[[1, 2, 1], [1, 2, 1]] 47:[[2, 2, 1]]
3841 1 2 3:[[1, 1, 2], [1, 1, 2]] 5:[[1, 2, 1], [1, 2, 1]] 7:[[1, 2, 2]] 11:[[1, 2, 2]] 13:[[1, 2, 2]] 17:[[1, 2, 1], [1, 2, 1]] 19:[[1, 2, 2]] 23:[[2, 2, 1]] 29:[[1, 1, 2], [1, 1, 2]] 31:[[1, 1, 2], [1, 1, 2]] 37:[[1, 2, 1], [1, 2, 1]] 41:[[1, 2, 2]] 43:[[1, 2, 1], [1, 2, 1]] 47:[[1, 1, 2], [1, 1, 2]]
3937 1 2 3:[[1, 2, 1], [1, 2, 1]] 5:[[1, 2, 2]] 7:[[1, 2, 2]] 11:[[1, 2, 2]] 13:[[1, 2, 2]] 17:[[1, 2, 2]] 19:[[1, 1, 2], [1, 1, 2]] 23:[[1, 2, 1], [1, 2, 1]] 29:[[1, 2, 1], [1, 2, 1]] 31:[[2, 1, 2]] 37:[[1, 2, 2]] 41:[[1, 1, 2], [1, 1, 2]] 43:[[1, 2, 1], [1, 2, 1]] 47:[[1, 1, 2], [1, 1, 2]]
3961 2 2 3:[[1, 2, 1], [1, 2, 1]] 5:[[1, 2, 1], [1, 2, 1]] 7:[[1, 2, 2]] 11:[[1, 2, 1], [1, 2, 1]] 13:[[1, 1, 2], [1, 1, 2]] 17:[[2, 2, 1]] 19:[[1, 1, 2], [1, 1, 2]] 23:[[1, 2, 2]] 29:[[1, 2, 2]] 31:[[1, 2, 2]] 37:[[1, 2, 2]] 41:[[1, 2, 1], [1, 2, 1]] 43:[[1, 2, 2]] 47:[[1, 2, 2]]
3977 2 2 3:[[1, 2, 2]] 5:[[1, 2, 2]] 7:[[1, 2, 1], [1, 2, 1]] 11:[[1, 2, 2]] 13:[[1, 2, 1], [1, 2, 1]] 17:[[1, 2, 1], [1, 2, 1]] 19:[[1, 2, 1], [1, 2, 1]] 23:[[1, 2, 2]] 29:[[1, 2, 1], [1, 2, 1]] 31:[[1, 1, 2], [1, 1, 2]] 37:[[1, 2, 2]] 41:[[2, 2, 1]] 43:[[1, 1, 2], [1, 1, 2]] 47:[[1, 2, 2]]
4249 1 2 3:[[1, 2, 1], [1, 2, 1]] 5:[[1, 2, 1], [1, 2, 1]] 7:[[2, 1, 2]] 11:[[1, 1, 2], [1, 1, 2]] 13:[[1, 2, 2]] 17:[[1, 2, 1], [1, 2, 1]] 19:[[1, 2, 2]] 23:[[1, 2, 2]] 29:[[1, 2, 2]] 31:[[1, 2, 1], [1, 2, 1]] 37:[[1, 2, 2]] 41:[[1, 2, 2]] 43:[[1, 1, 2], [1, 1, 2]] 47:[[1, 2, 2]]
4393 1 2 3:[[1, 1, 2], [1, 1, 2]] 5:[[1, 2, 2]] 7:[[1, 2, 1], [1, 2, 1]] 11:[[1, 2, 1], [1, 2, 1]] 13:[[1, 1, 2], [1, 1, 2]] 17:[[1, 2, 2]] 19:[[1, 2, 1], [1, 2, 1]] 23:[[2, 1, 2]] 29:[[1, 2, 2]] 31:[[1, 2, 2]] 37:[[1, 2, 1], [1, 2, 1]] 41:[[1, 2, 2]] 43:[[1, 2, 2]] 47:[[1, 2, 2]]
4417 1 2 3:[[1, 2, 1], [1, 2, 1]] 5:[[1, 2, 2]] 7:[[2, 2, 1]] 11:[[1, 2, 2]] 13:[[1, 2, 1], [1, 2, 1]] 17:[[1, 2, 2]] 19:[[1, 2, 1], [1, 2, 1]] 23:[[1, 1, 2], [1, 1, 2]] 29:[[1, 1, 2], [1, 1, 2]] 31:[[1, 2, 2]] 37:[[1, 2, 2]] 41:[[1, 2, 2]] 43:[[1, 1, 2], [1, 1, 2]] 47:[[1, 2, 2]]
4481 3 3 3:[[1, 2, 3]] 5:[[1, 3, 1], [1, 3, 1]] 7:[[1, 3, 1], [1, 3, 1]] 11:[[1, 3, 1], [1, 3, 1]] 13:[[1, 3, 1], [1, 3, 1]] 17:[[1, 2, 3]] 19:[[1, 3, 1], [1, 3, 1]] 23:[[1, 2, 3]] 29:[[1, 2, 3]] 31:[[1, 2, 3]] 37:[[1, 3, 1], [1, 3, 1]] 41:[[1, 2, 3]] 43:[[1, 3, 1], [1, 3, 1]] 47:[[1, 3, 1], [1, 3, 1]]
4529 1 2 3:[[1, 2, 2]] 5:[[1, 2, 1], [1, 2, 1]] 7:[[2, 1, 2]] 11:[[1, 2, 2]] 13:[[1, 2, 2]] 17:[[1, 2, 2]] 19:[[1, 2, 1], [1, 2, 1]] 23:[[1, 2, 2]] 29:[[1, 1, 2], [1, 1, 2]] 31:[[1, 2, 2]] 37:[[1, 2, 2]] 41:[[1, 2, 2]] 43:[[1, 1, 2], [1, 1, 2]] 47:[[1, 2, 1], [1, 2, 1]]
4577 1 2 3:[[1, 2, 2]] 5:[[1, 2, 2]] 7:[[1, 2, 2]] 11:[[1, 2, 1], [1, 2, 1]] 13:[[1, 1, 2], [1, 1, 2]] 17:[[1, 2, 1], [1, 2, 1]] 19:[[1, 2, 1], [1, 2, 1]] 23:[[2, 1, 2]] 29:[[1, 1, 2], [1, 1, 2]] 31:[[1, 1, 2], [1, 1, 2]] 37:[[1, 2, 1], [1, 2, 1]] 41:[[1, 2, 2]] 43:[[1, 2, 2]] 47:[[1, 1, 2], [1, 1, 2]]
4633 2 4 3:[[1, 4, 1], [1, 4, 1]] 5:[[1, 2, 4]] 7:[[1, 2, 4]] 11:[[1, 2, 4]] 13:[[1, 2, 4]] 17:[[1, 4, 1], [1, 4, 1]] 19:[[1, 4, 1], [1, 4, 1]] 23:[[1, 2, 4]] 29:[[1, 4, 1], [1, 4, 1]] 31:[[1, 1, 4], [1, 1, 4]] 37:[[1, 2, 4]] 41:[[2, 1, 4]] 43:[[1, 2, 4]] 47:[[1, 4, 1], [1, 4, 1]]
4681 1 2 3:[[1, 2, 1], [1, 2, 1]] 5:[[1, 1, 2], [1, 1, 2]] 7:[[1, 2, 2]] 11:[[1, 2, 2]] 13:[[1, 2, 1], [1, 2, 1]] 17:[[1, 2, 2]] 19:[[1, 1, 2], [1, 1, 2]] 23:[[1, 2, 1], [1, 2, 1]] 29:[[1, 2, 2]] 31:[[2, 1, 2]] 37:[[1, 2, 2]] 41:[[1, 2, 2]] 43:[[1, 2, 2]] 47:[[1, 1, 2], [1, 1, 2]]
5033 1 2 3:[[1, 2, 2]] 5:[[1, 2, 2]] 7:[[2, 1, 2]] 11:[[1, 2, 2]] 13:[[1, 2, 2]] 17:[[1, 2, 1], [1, 2, 1]] 19:[[1, 2, 1], [1, 2, 1]] 23:[[1, 2, 2]] 29:[[1, 1, 2], [1, 1, 2]] 31:[[1, 2, 2]] 37:[[1, 1, 2], [1, 1, 2]] 41:[[1, 2, 1], [1, 2, 1]] 43:[[1, 2, 2]] 47:[[1, 2, 1], [1, 2, 1]]
5129 1 2 3:[[1, 2, 2]] 5:[[1, 2, 1], [1, 2, 1]] 7:[[1, 2, 2]] 11:[[1, 2, 1], [1, 2, 1]] 13:[[1, 2, 2]] 17:[[1, 2, 2]] 19:[[1, 2, 2]] 23:[[2, 2, 1]] 29:[[1, 1, 2], [1, 1, 2]] 31:[[1, 1, 2], [1, 1, 2]] 37:[[1, 2, 2]] 41:[[1, 1, 2], [1, 1, 2]] 43:[[1, 2, 2]] 47:[[1, 1, 2], [1, 1, 2]]
5177 1 2 3:[[1, 2, 2]] 5:[[1, 2, 2]] 7:[[1, 1, 2], [1, 1, 2]] 11:[[1, 2, 2]] 13:[[1, 2, 1], [1, 2, 1]] 17:[[1, 2, 1], [1, 2, 1]] 19:[[1, 1, 2], [1, 1, 2]] 23:[[1, 2, 1], [1, 2, 1]] 29:[[1, 2, 2]] 31:[[2, 1, 2]] 37:[[1, 2, 1], [1, 2, 1]] 41:[[1, 2, 2]] 43:[[1, 2, 1], [1, 2, 1]] 47:[[1, 1, 2], [1, 1, 2]]
5201 1 2 3:[[1, 2, 2]] 5:[[1, 2, 1], [1, 2, 1]] 7:[[2, 2, 1]] 11:[[1, 1, 2], [1, 1, 2]] 13:[[1, 2, 1], [1, 2, 1]] 17:[[1, 2, 1], [1, 2, 1]] 19:[[1, 2, 2]] 23:[[1, 1, 2], [1, 1, 2]] 29:[[1, 2, 2]] 31:[[1, 2, 2]] 37:[[1, 1, 2], [1, 1, 2]] 41:[[1, 2, 2]] 43:[[1, 1, 2], [1, 1, 2]] 47:[[1, 2, 2]]
5257 1 2 3:[[1, 2, 1], [1, 2, 1]] 5:[[1, 2, 2]] 7:[[2, 2, 1]] 11:[[1, 2, 2]] 13:[[1, 2, 2]] 17:[[1, 2, 1], [1, 2, 1]] 19:[[1, 2, 2]] 23:[[1, 1, 2], [1, 1, 2]] 29:[[1, 2, 2]] 31:[[1, 2, 1], [1, 2, 1]] 37:[[1, 1, 2], [1, 1, 2]] 41:[[1, 2, 1], [1, 2, 1]] 43:[[1, 1, 2], [1, 1, 2]] 47:[[1, 2, 2]]
5321 2 2 3:[[1, 2, 2]] 5:[[1, 2, 1], [1, 2, 1]] 7:[[1, 2, 1], [1, 2, 1]] 11:[[1, 2, 2]] 13:[[1, 1, 2], [1, 1, 2]] 17:[[2, 2, 1]] 19:[[1, 1, 2], [1, 1, 2]] 23:[[1, 2, 1], [1, 2, 1]] 29:[[1, 2, 2]] 31:[[1, 2, 1], [1, 2, 1]] 37:[[1, 2, 1], [1, 2, 1]] 41:[[1, 2, 1], [1, 2, 1]] 43:[[1, 2, 2]] 47:[[1, 2, 2]]
5497 3 6 3:[[1, 3, 2], [1, 3, 2]] 5:[[1, 2, 6]] 7:[[1, 6, 1], [1, 6, 1]] 11:[[1, 2, 6]] 13:[[1, 2, 6]] 17:[[1, 2, 6]] 19:[[1, 6, 1], [1, 6, 1]] 23:[[2, 2, 3]] 29:[[1, 3, 2], [1, 3, 2]] 31:[[1, 3, 2], [1, 3, 2]] 37:[[1, 6, 1], [1, 6, 1]] 41:[[1, 2, 6]] 43:[[1, 6, 1], [1, 6, 1]] 47:[[1, 2, 6]]
5593 2 4 3:[[1, 2, 2], [1, 2, 2]] 5:[[1, 2, 4]] 7:[[2, 2, 2]] 11:[[1, 2, 2], [1, 2, 2]] 13:[[1, 2, 2], [1, 2, 2]] 17:[[2, 2, 2]] 19:[[1, 2, 2], [1, 2, 2]] 23:[[1, 2, 2], [1, 2, 2]] 29:[[1, 2, 2], [1, 2, 2]] 31:[[1, 2, 4]] 37:[[1, 2, 4]] 41:[[1, 2, 4]] 43:[[1, 2, 4]] 47:[[2, 2, 2]]
5609 1 2 3:[[1, 2, 2]] 5:[[1, 1, 2], [1, 1, 2]] 7:[[1, 2, 1], [1, 2, 1]] 11:[[1, 2, 2]] 13:[[1, 2, 2]] 17:[[1, 2, 1], [1, 2, 1]] 19:[[1, 1, 2], [1, 1, 2]] 23:[[1, 2, 2]] 29:[[1, 2, 2]] 31:[[1, 2, 2]] 37:[[1, 2, 2]] 41:[[1, 2, 1], [1, 2, 1]] 43:[[1, 2, 2]] 47:[[1, 2, 1], [1, 2, 1]]
5617 2 2 3:[[1, 2, 1], [1, 2, 1]] 5:[[1, 2, 2]] 7:[[1, 2, 2]] 11:[[1, 2, 2]] 13:[[1, 2, 1], [1, 2, 1]] 17:[[1, 2, 2]] 19:[[1, 2, 2]] 23:[[1, 2, 2]] 29:[[1, 2, 1], [1, 2, 1]] 31:[[1, 2, 2]] 37:[[1, 1, 2], [1, 1, 2]] 41:[[2, 2, 1]] 43:[[1, 2, 2]] 47:[[1, 2, 1], [1, 2, 1]]
5729 2 2 3:[[1, 2, 2]] 5:[[1, 2, 1], [1, 2, 1]] 7:[[1, 2, 2]] 11:[[1, 2, 1], [1, 2, 1]] 13:[[1, 1, 2], [1, 1, 2]] 17:[[2, 2, 1]] 19:[[1, 2, 2]] 23:[[1, 2, 1], [1, 2, 1]] 29:[[1, 2, 1], [1, 2, 1]] 31:[[1, 2, 1], [1, 2, 1]] 37:[[1, 2, 2]] 41:[[1, 2, 2]] 43:[[1, 1, 2], [1, 1, 2]] 47:[[1, 1, 2], [1, 1, 2]]
5761 1 2 3:[[1, 2, 1], [1, 2, 1]] 5:[[1, 2, 1], [1, 2, 1]] 7:[[2, 2, 1]] 11:[[1, 2, 2]] 13:[[1, 2, 2]] 17:[[1, 2, 1], [1, 2, 1]] 19:[[1, 2, 1], [1, 2, 1]] 23:[[1, 2, 2]] 29:[[1, 2, 2]] 31:[[1, 2, 2]] 37:[[1, 1, 2], [1, 1, 2]] 41:[[1, 2, 1], [1, 2, 1]] 43:[[1, 2, 2]] 47:[[1, 2, 1], [1, 2, 1]]
5873 1 2 3:[[1, 2, 2]] 5:[[1, 2, 2]] 7:[[2, 1, 2]] 11:[[1, 2, 2]] 13:[[1, 2, 1], [1, 2, 1]] 17:[[1, 2, 1], [1, 2, 1]] 19:[[1, 2, 2]] 23:[[1, 1, 2], [1, 1, 2]] 29:[[1, 2, 2]] 31:[[1, 2, 1], [1, 2, 1]] 37:[[1, 1, 2], [1, 1, 2]] 41:[[1, 2, 1], [1, 2, 1]] 43:[[1, 1, 2], [1, 1, 2]] 47:[[1, 2, 2]]
5921 1 2 3:[[1, 2, 2]] 5:[[1, 1, 2], [1, 1, 2]] 7:[[1, 2, 2]] 11:[[1, 2, 1], [1, 2, 1]] 13:[[1, 2, 2]] 17:[[1, 2, 2]] 19:[[1, 2, 2]] 23:[[1, 2, 2]] 29:[[1, 2, 1], [1, 2, 1]] 31:[[2, 2, 1]] 37:[[1, 2, 1], [1, 2, 1]] 41:[[1, 2, 2]] 43:[[1, 2, 2]] 47:[[1, 2, 2]]
5969 1 2 3:[[1, 2, 2]] 5:[[1, 2, 1], [1, 2, 1]] 7:[[1, 2, 2]] 11:[[1, 2, 2]] 13:[[1, 2, 2]] 17:[[1, 1, 2], [1, 1, 2]] 19:[[1, 2, 2]] 23:[[1, 2, 1], [1, 2, 1]] 29:[[1, 2, 1], [1, 2, 1]] 31:[[1, 2, 2]] 37:[[1, 1, 2], [1, 1, 2]] 41:[[1, 2, 2]] 43:[[1, 2, 1], [1, 2, 1]] 47:[[2, 1, 2]]
6041 1 2 3:[[1, 2, 2]] 5:[[1, 2, 1], [1, 2, 1]] 7:[[2, 2, 1]] 11:[[1, 2, 2]] 13:[[1, 2, 1], [1, 2, 1]] 17:[[1, 2, 2]] 19:[[1, 2, 2]] 23:[[1, 2, 2]] 29:[[1, 1, 2], [1, 1, 2]] 31:[[1, 2, 2]] 37:[[1, 1, 2], [1, 1, 2]] 41:[[1, 2, 2]] 43:[[1, 1, 2], [1, 1, 2]] 47:[[1, 2, 1], [1, 2, 1]]
6049 1 2 3:[[1, 1, 2], [1, 1, 2]] 5:[[1, 2, 1], [1, 2, 1]] 7:[[1, 2, 1], [1, 2, 1]] 11:[[1, 2, 2]] 13:[[1, 1, 2], [1, 1, 2]] 17:[[1, 2, 2]] 19:[[1, 2, 1], [1, 2, 1]] 23:[[2, 1, 2]] 29:[[1, 2, 2]] 31:[[1, 1, 2], [1, 1, 2]] 37:[[1, 2, 2]] 41:[[1, 2, 2]] 43:[[1, 2, 2]] 47:[[1, 2, 2]]
6169 1 2 3:[[1, 2, 1], [1, 2, 1]] 5:[[1, 1, 2], [1, 1, 2]] 7:[[1, 1, 2], [1, 1, 2]] 11:[[1, 2, 1], [1, 2, 1]] 13:[[1, 2, 2]] 17:[[1, 2, 1], [1, 2, 1]] 19:[[1, 2, 2]] 23:[[1, 2, 2]] 29:[[1, 2, 2]] 31:[[2, 1, 2]] 37:[[1, 2, 1], [1, 2, 1]] 41:[[1, 2, 2]] 43:[[1, 2, 2]] 47:[[1, 1, 2], [1, 1, 2]]
6233 1 2 3:[[1, 2, 2]] 5:[[1, 2, 2]] 7:[[1, 2, 2]] 11:[[1, 2, 2]] 13:[[1, 2, 2]] 17:[[1, 2, 2]] 19:[[1, 2, 1], [1, 2, 1]] 23:[[2, 2, 1]] 29:[[1, 2, 2]] 31:[[1, 1, 2], [1, 1, 2]] 37:[[1, 2, 2]] 41:[[1, 1, 2], [1, 1, 2]] 43:[[1, 2, 1], [1, 2, 1]] 47:[[1, 2, 2]]
6377 1 2 3:[[1, 2, 2]] 5:[[1, 2, 2]] 7:[[2, 2, 1]] 11:[[1, 2, 2]] 13:[[1, 2, 2]] 17:[[1, 2, 1], [1, 2, 1]] 19:[[1, 2, 2]] 23:[[1, 1, 2], [1, 1, 2]] 29:[[1, 2, 2]] 31:[[1, 2, 2]] 37:[[1, 2, 2]] 41:[[1, 2, 2]] 43:[[1, 1, 2], [1, 1, 2]] 47:[[1, 2, 1], [1, 2, 1]]
6433 1 2 3:[[1, 2, 1], [1, 2, 1]] 5:[[1, 2, 2]] 7:[[2, 2, 1]] 11:[[1, 1, 2], [1, 1, 2]] 13:[[1, 2, 2]] 17:[[1, 2, 2]] 19:[[1, 2, 1], [1, 2, 1]] 23:[[1, 1, 2], [1, 1, 2]] 29:[[1, 1, 2], [1, 1, 2]] 31:[[1, 2, 1], [1, 2, 1]] 37:[[1, 2, 2]] 41:[[1, 2, 1], [1, 2, 1]] 43:[[1, 2, 2]] 47:[[1, 2, 2]]
6769 1 2 3:[[1, 2, 1], [1, 2, 1]] 5:[[1, 2, 1], [1, 2, 1]] 7:[[2, 2, 1]] 11:[[1, 1, 2], [1, 1, 2]] 13:[[1, 2, 1], [1, 2, 1]] 17:[[1, 2, 2]] 19:[[1, 2, 1], [1, 2, 1]] 23:[[1, 2, 2]] 29:[[1, 2, 2]] 31:[[1, 2, 2]] 37:[[1, 2, 2]] 41:[[1, 2, 1], [1, 2, 1]] 43:[[1, 2, 2]] 47:[[1, 2, 1], [1, 2, 1]]
6817 2 2 3:[[1, 2, 1], [1, 2, 1]] 5:[[1, 2, 2]] 7:[[1, 2, 2]] 11:[[1, 2, 2]] 13:[[1, 2, 2]] 17:[[2, 2, 1]] 19:[[1, 2, 2]] 23:[[1, 2, 1], [1, 2, 1]] 29:[[1, 2, 2]] 31:[[1, 2, 1], [1, 2, 1]] 37:[[1, 2, 1], [1, 2, 1]] 41:[[1, 2, 2]] 43:[[1, 1, 2], [1, 1, 2]] 47:[[1, 1, 2], [1, 1, 2]]
6881 1 2 3:[[1, 2, 2]] 5:[[1, 2, 1], [1, 2, 1]] 7:[[2, 1, 2]] 11:[[1, 2, 2]] 13:[[1, 2, 1], [1, 2, 1]] 17:[[1, 2, 1], [1, 2, 1]] 19:[[1, 2, 2]] 23:[[1, 1, 2], [1, 1, 2]] 29:[[1, 2, 2]] 31:[[1, 2, 2]] 37:[[1, 1, 2], [1, 1, 2]] 41:[[1, 2, 2]] 43:[[1, 1, 2], [1, 1, 2]] 47:[[1, 2, 2]]
6913 1 2 3:[[1, 2, 1], [1, 2, 1]] 5:[[1, 2, 2]] 7:[[1, 1, 2], [1, 1, 2]] 11:[[1, 2, 1], [1, 2, 1]] 13:[[1, 2, 1], [1, 2, 1]] 17:[[1, 2, 2]] 19:[[1, 1, 2], [1, 1, 2]] 23:[[1, 2, 1], [1, 2, 1]] 29:[[1, 2, 2]] 31:[[2, 1, 2]] 37:[[1, 2, 2]] 41:[[1, 1, 2], [1, 1, 2]] 43:[[1, 2, 2]] 47:[[1, 1, 2], [1, 1, 2]]
6937 1 2 3:[[1, 2, 1], [1, 2, 1]] 5:[[1, 2, 2]] 7:[[2, 2, 1]] 11:[[1, 2, 2]] 13:[[1, 2, 2]] 17:[[1, 2, 1], [1, 2, 1]] 19:[[1, 2, 2]] 23:[[1, 2, 2]] 29:[[1, 1, 2], [1, 1, 2]] 31:[[1, 2, 2]] 37:[[1, 2, 2]] 41:[[1, 2, 1], [1, 2, 1]] 43:[[1, 1, 2], [1, 1, 2]] 47:[[1, 2, 1], [1, 2, 1]]
7097 1 2 3:[[1, 2, 2]] 5:[[1, 2, 2]] 7:[[1, 2, 2]] 11:[[1, 2, 2]] 13:[[1, 2, 1], [1, 2, 1]] 17:[[1, 1, 2], [1, 1, 2]] 19:[[1, 2, 2]] 23:[[1, 2, 1], [1, 2, 1]] 29:[[1, 2, 2]] 31:[[1, 2, 2]] 37:[[1, 1, 2], [1, 1, 2]] 41:[[1, 2, 1], [1, 2, 1]] 43:[[1, 2, 2]] 47:[[2, 1, 2]]
7153 1 2 3:[[1, 1, 2], [1, 1, 2]] 5:[[1, 2, 2]] 7:[[1, 2, 2]] 11:[[1, 2, 1], [1, 2, 1]] 13:[[1, 1, 2], [1, 1, 2]] 17:[[1, 2, 1], [1, 2, 1]] 19:[[1, 2, 1], [1, 2, 1]] 23:[[2, 2, 1]] 29:[[1, 2, 2]] 31:[[1, 2, 2]] 37:[[1, 2, 1], [1, 2, 1]] 41:[[1, 2, 2]] 43:[[1, 2, 1], [1, 2, 1]] 47:[[1, 1, 2], [1, 1, 2]]
7217 1 2 3:[[1, 2, 2]] 5:[[1, 2, 2]] 7:[[2, 2, 1]] 11:[[1, 1, 2], [1, 1, 2]] 13:[[1, 2, 2]] 17:[[1, 2, 1], [1, 2, 1]] 19:[[1, 2, 1], [1, 2, 1]] 23:[[1, 1, 2], [1, 1, 2]] 29:[[1, 1, 2], [1, 1, 2]] 31:[[1, 2, 1], [1, 2, 1]] 37:[[1, 2, 2]] 41:[[1, 2, 1], [1, 2, 1]] 43:[[1, 1, 2], [1, 1, 2]] 47:[[1, 2, 2]]
7313 1 2 3:[[1, 2, 2]] 5:[[1, 2, 2]] 7:[[1, 2, 2]] 11:[[1, 2, 1], [1, 2, 1]] 13:[[1, 2, 2]] 17:[[1, 2, 2]] 19:[[1, 1, 2], [1, 1, 2]] 23:[[1, 2, 2]] 29:[[1, 1, 2], [1, 1, 2]] 31:[[1, 2, 1], [1, 2, 1]] 37:[[1, 2, 2]] 41:[[1, 2, 2]] 43:[[1, 2, 2]] 47:[[1, 2, 1], [1, 2, 1]]
7361 2 4 3:[[1, 2, 4]] 5:[[1, 4, 1], [1, 4, 1]] 7:[[1, 4, 1], [1, 4, 1]] 11:[[1, 2, 4]] 13:[[1, 1, 4], [1, 1, 4]] 17:[[2, 2, 2]] 19:[[1, 2, 4]] 23:[[1, 4, 1], [1, 4, 1]] 29:[[1, 4, 1], [1, 4, 1]] 31:[[1, 4, 1], [1, 4, 1]] 37:[[1, 2, 4]] 41:[[1, 2, 4]] 43:[[1, 2, 4]] 47:[[1, 2, 4]]
7409 1 2 3:[[1, 2, 2]] 5:[[1, 1, 2], [1, 1, 2]] 7:[[1, 2, 2]] 11:[[1, 2, 2]] 13:[[1, 2, 1], [1, 2, 1]] 17:[[1, 2, 2]] 19:[[1, 2, 2]] 23:[[1, 2, 1], [1, 2, 1]] 29:[[1, 2, 2]] 31:[[2, 1, 2]] 37:[[1, 2, 1], [1, 2, 1]] 41:[[1, 2, 2]] 43:[[1, 2, 1], [1, 2, 1]] 47:[[1, 2, 2]]
7441 3 6 3:[[1, 6, 1], [1, 6, 1]] 5:[[1, 6, 1], [1, 6, 1]] 7:[[2, 1, 6]] 11:[[1, 3, 2], [1, 3, 2]] 13:[[1, 2, 6]] 17:[[1, 2, 6]] 19:[[1, 2, 6]] 23:[[1, 3, 2], [1, 3, 2]] 29:[[1, 2, 6]] 31:[[1, 2, 3], [1, 2, 3]] 37:[[1, 3, 2], [1, 3, 2]] 41:[[1, 6, 1], [1, 6, 1]] 43:[[1, 2, 6]] 47:[[1, 2, 6]]
7609 1 2 3:[[1, 2, 1], [1, 2, 1]] 5:[[1, 2, 1], [1, 2, 1]] 7:[[2, 2, 1]] 11:[[1, 2, 2]] 13:[[1, 2, 1], [1, 2, 1]] 17:[[1, 2, 2]] 19:[[1, 2, 1], [1, 2, 1]] 23:[[1, 2, 2]] 29:[[1, 2, 2]] 31:[[1, 2, 1], [1, 2, 1]] 37:[[1, 2, 2]] 41:[[1, 2, 2]] 43:[[1, 1, 2], [1, 1, 2]] 47:[[1, 2, 1], [1, 2, 1]]
7633 2 2 3:[[1, 2, 1], [1, 2, 1]] 5:[[1, 2, 2]] 7:[[1, 2, 2]] 11:[[1, 2, 2]] 13:[[1, 2, 2]] 17:[[2, 2, 1]] 19:[[1, 2, 2]] 23:[[1, 2, 2]] 29:[[1, 2, 1], [1, 2, 1]] 31:[[1, 2, 1], [1, 2, 1]] 37:[[1, 2, 1], [1, 2, 1]] 41:[[1, 2, 2]] 43:[[1, 2, 2]] 47:[[1, 2, 2]]
7769 2 4 3:[[1, 2, 4]] 5:[[1, 4, 1], [1, 4, 1]] 7:[[1, 2, 4]] 11:[[1, 4, 1], [1, 4, 1]] 13:[[1, 2, 4]] 17:[[2, 2, 2]] 19:[[1, 1, 4], [1, 1, 4]] 23:[[1, 4, 1], [1, 4, 1]] 29:[[1, 2, 4]] 31:[[1, 4, 1], [1, 4, 1]] 37:[[1, 4, 1], [1, 4, 1]] 41:[[1, 4, 1], [1, 4, 1]] 43:[[1, 2, 4]] 47:[[1, 2, 2], [1, 2, 2]]
7849 1 2 3:[[1, 1, 2], [1, 1, 2]] 5:[[1, 2, 1], [1, 2, 1]] 7:[[1, 1, 2], [1, 1, 2]] 11:[[1, 2, 2]] 13:[[1, 2, 1], [1, 2, 1]] 17:[[1, 2, 2]] 19:[[1, 2, 2]] 23:[[1, 2, 1], [1, 2, 1]] 29:[[1, 2, 2]] 31:[[1, 2, 2]] 37:[[1, 2, 2]] 41:[[1, 2, 1], [1, 2, 1]] 43:[[1, 2, 1], [1, 2, 1]] 47:[[2, 1, 2]]
7913 2 2 3:[[1, 2, 2]] 5:[[1, 2, 2]] 7:[[1, 2, 2]] 11:[[1, 2, 1], [1, 2, 1]] 13:[[1, 2, 1], [1, 2, 1]] 17:[[1, 2, 1], [1, 2, 1]] 19:[[1, 2, 1], [1, 2, 1]] 23:[[1, 1, 2], [1, 1, 2]] 29:[[1, 2, 1], [1, 2, 1]] 31:[[1, 1, 2], [1, 1, 2]] 37:[[1, 2, 2]] 41:[[2, 2, 1]] 43:[[1, 1, 2], [1, 1, 2]] 47:[[1, 2, 1], [1, 2, 1]]
8137 1 2 3:[[1, 2, 1], [1, 2, 1]] 5:[[1, 2, 2]] 7:[[1, 2, 2]] 11:[[1, 2, 2]] 13:[[1, 1, 2], [1, 1, 2]] 17:[[1, 2, 2]] 19:[[1, 1, 2], [1, 1, 2]] 23:[[1, 1, 2], [1, 1, 2]] 29:[[1, 2, 2]] 31:[[1, 2, 2]] 37:[[1, 2, 1], [1, 2, 1]] 41:[[1, 2, 2]] 43:[[1, 2, 1], [1, 2, 1]] 47:[[1, 2, 1], [1, 2, 1]]
8153 1 2 3:[[1, 2, 2]] 5:[[1, 2, 2]] 7:[[1, 2, 2]] 11:[[1, 2, 2]] 13:[[1, 2, 2]] 17:[[1, 2, 2]] 19:[[1, 2, 2]] 23:[[1, 2, 2]] 29:[[1, 2, 1], [1, 2, 1]] 31:[[2, 1, 2]] 37:[[1, 2, 2]] 41:[[1, 2, 2]] 43:[[1, 2, 2]] 47:[[1, 2, 2]]
8249 2 2 3:[[1, 2, 2]] 5:[[1, 2, 1], [1, 2, 1]] 7:[[1, 2, 2]] 11:[[1, 2, 2]] 13:[[1, 2, 2]] 17:[[1, 2, 1], [1, 2, 1]] 19:[[1, 2, 2]] 23:[[1, 2, 2]] 29:[[1, 2, 1], [1, 2, 1]] 31:[[1, 2, 2]] 37:[[1, 2, 2]] 41:[[1, 1, 2], [1, 1, 2]] 43:[[1, 2, 1], [1, 2, 1]] 47:[[1, 2, 1], [1, 2, 1]]
8257 1 2 3:[[1, 1, 2], [1, 1, 2]] 5:[[1, 2, 2]] 7:[[1, 2, 1], [1, 2, 1]] 11:[[1, 2, 2]] 13:[[1, 2, 2]] 17:[[1, 2, 2]] 19:[[1, 2, 1], [1, 2, 1]] 23:[[2, 1, 2]] 29:[[1, 2, 2]] 31:[[1, 2, 2]] 37:[[1, 2, 2]] 41:[[1, 1, 2], [1, 1, 2]] 43:[[1, 2, 1], [1, 2, 1]] 47:[[1, 1, 2], [1, 1, 2]]
8401 1 2 3:[[1, 2, 1], [1, 2, 1]] 5:[[1, 1, 2], [1, 1, 2]] 7:[[1, 1, 2], [1, 1, 2]] 11:[[1, 2, 2]] 13:[[1, 2, 1], [1, 2, 1]] 17:[[1, 2, 2]] 19:[[1, 2, 2]] 23:[[1, 2, 1], [1, 2, 1]] 29:[[1, 2, 1], [1, 2, 1]] 31:[[2, 1, 2]] 37:[[1, 2, 2]] 41:[[1, 1, 2], [1, 1, 2]] 43:[[1, 2, 1], [1, 2, 1]] 47:[[1, 2, 2]]
8449 2 4 3:[[1, 2, 2], [1, 2, 2]] 5:[[1, 2, 2], [1, 2, 2]] 7:[[2, 2, 2]] 11:[[1, 2, 2], [1, 2, 2]] 13:[[1, 2, 2], [1, 2, 2]] 17:[[2, 2, 2]] 19:[[1, 2, 4]] 23:[[1, 2, 2], [1, 2, 2]] 29:[[1, 2, 4]] 31:[[1, 2, 4]] 37:[[1, 2, 4]] 41:[[1, 2, 4]] 43:[[1, 1, 4], [1, 1, 4]] 47:[[1, 2, 2], [1, 2, 2]]
8561 1 2 3:[[1, 2, 2]] 5:[[1, 2, 1], [1, 2, 1]] 7:[[2, 1, 2]] 11:[[1, 1, 2], [1, 1, 2]] 13:[[1, 2, 2]] 17:[[1, 2, 2]] 19:[[1, 2, 1], [1, 2, 1]] 23:[[1, 2, 2]] 29:[[1, 1, 2], [1, 1, 2]] 31:[[1, 2, 1], [1, 2, 1]] 37:[[1, 2, 2]] 41:[[1, 2, 1], [1, 2, 1]] 43:[[1, 1, 2], [1, 1, 2]] 47:[[1, 2, 1], [1, 2, 1]]
8617 1 2 3:[[1, 2, 1], [1, 2, 1]] 5:[[1, 2, 2]] 7:[[2, 1, 2]] 11:[[1, 1, 2], [1, 1, 2]] 13:[[1, 2, 2]] 17:[[1, 2, 1], [1, 2, 1]] 19:[[1, 2, 2]] 23:[[1, 2, 2]] 29:[[1, 1, 2], [1, 1, 2]] 31:[[1, 2, 2]] 37:[[1, 1, 2], [1, 1, 2]] 41:[[1, 2, 2]] 43:[[1, 1, 2], [1, 1, 2]] 47:[[1, 2, 1], [1, 2, 1]]
8713 3 3 3:[[1, 3, 1], [1, 3, 1]] 5:[[1, 2, 3]] 7:[[1, 2, 3]] 11:[[1, 3, 1], [1, 3, 1]] 13:[[1, 3, 1], [1, 3, 1]] 17:[[1, 1, 3], [1, 1, 3]] 19:[[1, 3, 1], [1, 3, 1]] 23:[[1, 2, 3]] 29:[[1, 3, 1], [1, 3, 1]] 31:[[1, 3, 1], [1, 3, 1]] 37:[[1, 2, 3]] 41:[[1, 3, 1], [1, 3, 1]] 43:[[1, 2, 3]] 47:[[1, 3, 1], [1, 3, 1]]
8809 1 2 3:[[1, 1, 2], [1, 1, 2]] 5:[[1, 2, 1], [1, 2, 1]] 7:[[1, 2, 2]] 11:[[1, 2, 1], [1, 2, 1]] 13:[[1, 2, 2]] 17:[[1, 2, 2]] 19:[[1, 2, 2]] 23:[[2, 1, 2]] 29:[[1, 1, 2], [1, 1, 2]] 31:[[1, 1, 2], [1, 1, 2]] 37:[[1, 2, 1], [1, 2, 1]] 41:[[1, 2, 2]] 43:[[1, 2, 2]] 47:[[1, 2, 2]]
8857 2 2 3:[[1, 2, 1], [1, 2, 1]] 5:[[1, 2, 2]] 7:[[1, 2, 1], [1, 2, 1]] 11:[[1, 2, 2]] 13:[[1, 1, 2], [1, 1, 2]] 17:[[2, 2, 1]] 19:[[1, 2, 2]] 23:[[1, 2, 1], [1, 2, 1]] 29:[[1, 2, 2]] 31:[[1, 2, 2]] 37:[[1, 2, 2]] 41:[[1, 2, 1], [1, 2, 1]] 43:[[1, 2, 2]] 47:[[1, 1, 2], [1, 1, 2]]
8897 2 4 3:[[1, 2, 4]] 5:[[1, 2, 4]] 7:[[2, 2, 2]] 11:[[1, 2, 2], [1, 2, 2]] 13:[[1, 2, 4]] 17:[[1, 2, 4]] 19:[[1, 2, 2], [1, 2, 2]] 23:[[1, 2, 4]] 29:[[1, 2, 2], [1, 2, 2]] 31:[[2, 2, 2]] 37:[[1, 2, 4]] 41:[[2, 2, 2]] 43:[[1, 2, 4]] 47:[[1, 2, 2], [1, 2, 2]]
8953 1 2 3:[[1, 2, 1], [1, 2, 1]] 5:[[1, 2, 2]] 7:[[2, 1, 2]] 11:[[1, 2, 2]] 13:[[1, 2, 1], [1, 2, 1]] 17:[[1, 2, 2]] 19:[[1, 2, 1], [1, 2, 1]] 23:[[1, 1, 2], [1, 1, 2]] 29:[[1, 2, 2]] 31:[[1, 2, 1], [1, 2, 1]] 37:[[1, 1, 2], [1, 1, 2]] 41:[[1, 2, 2]] 43:[[1, 1, 2], [1, 1, 2]] 47:[[1, 2, 2]]
8977 1 2 3:[[1, 1, 2], [1, 1, 2]] 5:[[1, 2, 2]] 7:[[1, 2, 2]] 11:[[1, 2, 1], [1, 2, 1]] 13:[[1, 2, 2]] 17:[[1, 1, 2], [1, 1, 2]] 19:[[1, 2, 1], [1, 2, 1]] 23:[[1, 2, 2]] 29:[[1, 2, 1], [1, 2, 1]] 31:[[1, 2, 1], [1, 2, 1]] 37:[[1, 2, 2]] 41:[[1, 2, 1], [1, 2, 1]] 43:[[1, 2, 2]] 47:[[2, 2, 1]]
9017 1 2 3:[[1, 2, 2]] 5:[[1, 2, 2]] 7:[[1, 2, 1], [1, 2, 1]] 11:[[1, 2, 2]] 13:[[1, 2, 2]] 17:[[1, 2, 2]] 19:[[1, 1, 2], [1, 1, 2]] 23:[[1, 2, 1], [1, 2, 1]] 29:[[1, 2, 2]] 31:[[1, 2, 2]] 37:[[1, 1, 2], [1, 1, 2]] 41:[[1, 2, 2]] 43:[[1, 2, 2]] 47:[[1, 2, 2]]
9121 1 2 3:[[1, 2, 1], [1, 2, 1]] 5:[[1, 2, 1], [1, 2, 1]] 7:[[2, 2, 1]] 11:[[1, 2, 2]] 13:[[1, 2, 2]] 17:[[1, 2, 1], [1, 2, 1]] 19:[[1, 2, 1], [1, 2, 1]] 23:[[1, 1, 2], [1, 1, 2]] 29:[[1, 2, 2]] 31:[[1, 2, 1], [1, 2, 1]] 37:[[1, 2, 2]] 41:[[1, 2, 2]] 43:[[1, 2, 2]] 47:[[1, 2, 1], [1, 2, 1]]
9233 1 2 3:[[1, 2, 2]] 5:[[1, 2, 2]] 7:[[2, 1, 2]] 11:[[1, 1, 2], [1, 1, 2]] 13:[[1, 2, 1], [1, 2, 1]] 17:[[1, 2, 1], [1, 2, 1]] 19:[[1, 2, 2]] 23:[[1, 2, 2]] 29:[[1, 2, 2]] 31:[[1, 2, 2]] 37:[[1, 2, 2]] 41:[[1, 2, 1], [1, 2, 1]] 43:[[1, 1, 2], [1, 1, 2]] 47:[[1, 2, 1], [1, 2, 1]]
9281 3 3 3:[[1, 2, 3]] 5:[[1, 3, 1], [1, 3, 1]] 7:[[1, 2, 3]] 11:[[1, 2, 3]] 13:[[1, 3, 1], [1, 3, 1]] 17:[[1, 3, 1], [1, 3, 1]] 19:[[1, 3, 1], [1, 3, 1]] 23:[[1, 3, 1], [1, 3, 1]] 29:[[1, 3, 1], [1, 3, 1]] 31:[[1, 2, 3]] 37:[[1, 2, 3]] 41:[[1, 2, 3]] 43:[[1, 3, 1], [1, 3, 1]] 47:[[1, 2, 3]]
9353 1 2 3:[[1, 2, 2]] 5:[[1, 2, 2]] 7:[[1, 1, 2], [1, 1, 2]] 11:[[1, 2, 1], [1, 2, 1]] 13:[[1, 2, 2]] 17:[[1, 2, 2]] 19:[[1, 2, 1], [1, 2, 1]] 23:[[1, 2, 2]] 29:[[1, 2, 2]] 31:[[1, 2, 2]] 37:[[1, 2, 2]] 41:[[1, 2, 1], [1, 2, 1]] 43:[[1, 2, 2]] 47:[[2, 1, 2]]
9401 2 4 3:[[1, 2, 4]] 5:[[1, 2, 2], [1, 2, 2]] 7:[[2, 2, 2]] 11:[[1, 2, 4]] 13:[[1, 2, 4]] 17:[[2, 2, 2]] 19:[[1, 2, 4]] 23:[[1, 2, 4]] 29:[[1, 2, 2], [1, 2, 2]] 31:[[1, 2, 2], [1, 2, 2]] 37:[[1, 2, 2], [1, 2, 2]] 41:[[1, 2, 4]] 43:[[1, 2, 4]] 47:[[1, 2, 2], [1, 2, 2]]
9569 1 2 3:[[1, 2, 2]] 5:[[1, 2, 1], [1, 2, 1]] 7:[[2, 2, 1]] 11:[[1, 2, 2]] 13:[[1, 2, 1], [1, 2, 1]] 17:[[1, 2, 1], [1, 2, 1]] 19:[[1, 2, 2]] 23:[[1, 1, 2], [1, 1, 2]] 29:[[1, 1, 2], [1, 1, 2]] 31:[[1, 2, 2]] 37:[[1, 2, 2]] 41:[[1, 2, 1], [1, 2, 1]] 43:[[1, 1, 2], [1, 1, 2]] 47:[[1, 2, 1], [1, 2, 1]]
9641 1 2 3:[[1, 2, 2]] 5:[[1, 1, 2], [1, 1, 2]] 7:[[1, 1, 2], [1, 1, 2]] 11:[[1, 2, 1], [1, 2, 1]] 13:[[1, 2, 2]] 17:[[1, 2, 1], [1, 2, 1]] 19:[[1, 2, 2]] 23:[[1, 2, 1], [1, 2, 1]] 29:[[1, 2, 1], [1, 2, 1]] 31:[[2, 2, 1]] 37:[[1, 2, 1], [1, 2, 1]] 41:[[1, 2, 2]] 43:[[1, 2, 1], [1, 2, 1]] 47:[[1, 1, 2], [1, 1, 2]]
9673 4 4 3:[[1, 4, 1], [1, 4, 1]] 5:[[1, 2, 4]] 7:[[1, 2, 4]] 11:[[1, 4, 1], [1, 4, 1]] 13:[[1, 2, 2], [1, 2, 2]] 17:[[2, 2, 2]] 19:[[1, 2, 4]] 23:[[1, 4, 1], [1, 4, 1]] 29:[[1, 4, 1], [1, 4, 1]] 31:[[1, 4, 1], [1, 4, 1]] 37:[[1, 4, 1], [1, 4, 1]] 41:[[1, 2, 4]] 43:[[1, 2, 2], [1, 2, 2]] 47:[[1, 2, 4]]
9793 1 2 3:[[1, 2, 1], [1, 2, 1]] 5:[[1, 2, 2]] 7:[[2, 1, 2]] 11:[[1, 1, 2], [1, 1, 2]] 13:[[1, 2, 1], [1, 2, 1]] 17:[[1, 2, 1], [1, 2, 1]] 19:[[1, 2, 2]] 23:[[1, 1, 2], [1, 1, 2]] 29:[[1, 1, 2], [1, 1, 2]] 31:[[1, 2, 1], [1, 2, 1]] 37:[[1, 1, 2], [1, 1, 2]] 41:[[1, 2, 2]] 43:[[1, 2, 2]] 47:[[1, 2, 1], [1, 2, 1]]
9913 1 2 3:[[1, 1, 2], [1, 1, 2]] 5:[[1, 2, 2]] 7:[[1, 2, 1], [1, 2, 1]] 11:[[1, 2, 2]] 13:[[1, 2, 2]] 17:[[1, 2, 1], [1, 2, 1]] 19:[[1, 2, 2]] 23:[[2, 1, 2]] 29:[[1, 1, 2], [1, 1, 2]] 31:[[1, 2, 2]] 37:[[1, 2, 1], [1, 2, 1]] 41:[[1, 1, 2], [1, 1, 2]] 43:[[1, 2, 1], [1, 2, 1]] 47:[[1, 2, 2]]
9961 1 2 3:[[1, 2, 1], [1, 2, 1]] 5:[[1, 2, 1], [1, 2, 1]] 7:[[2, 2, 1]] 11:[[1, 2, 2]] 13:[[1, 2, 1], [1, 2, 1]] 17:[[1, 2, 1], [1, 2, 1]] 19:[[1, 2, 1], [1, 2, 1]] 23:[[1, 1, 2], [1, 1, 2]] 29:[[1, 2, 2]] 31:[[1, 2, 1], [1, 2, 1]] 37:[[1, 2, 2]] 41:[[1, 2, 1], [1, 2, 1]] 43:[[1, 2, 2]] 47:[[1, 2, 2]]
10033 1 2 3:[[1, 2, 1], [1, 2, 1]] 5:[[1, 2, 2]] 7:[[1, 2, 1], [1, 2, 1]] 11:[[1, 1, 2], [1, 1, 2]] 13:[[1, 1, 2], [1, 1, 2]] 17:[[1, 2, 2]] 19:[[1, 1, 2], [1, 1, 2]] 23:[[1, 2, 2]] 29:[[1, 2, 1], [1, 2, 1]] 31:[[1, 1, 2], [1, 1, 2]] 37:[[1, 2, 2]] 41:[[1, 2, 2]] 43:[[1, 2, 1], [1, 2, 1]] 47:[[1, 2, 2]]
10057 2 2 3:[[1, 2, 1], [1, 2, 1]] 5:[[1, 2, 2]] 7:[[1, 2, 2]] 11:[[1, 1, 2], [1, 1, 2]] 13:[[1, 2, 2]] 17:[[1, 2, 2]] 19:[[1, 2, 1], [1, 2, 1]] 23:[[1, 2, 1], [1, 2, 1]] 29:[[1, 2, 1], [1, 2, 1]] 31:[[1, 2, 2]] 37:[[1, 2, 1], [1, 2, 1]] 41:[[1, 2, 2]] 43:[[1, 2, 1], [1, 2, 1]] 47:[[1, 2, 2]]
10073 1 2 3:[[1, 2, 2]] 5:[[1, 2, 2]] 7:[[2, 2, 1]] 11:[[1, 2, 2]] 13:[[1, 2, 2]] 17:[[1, 2, 1], [1, 2, 1]] 19:[[1, 2, 2]] 23:[[1, 2, 2]] 29:[[1, 2, 2]] 31:[[1, 2, 2]] 37:[[1, 1, 2], [1, 1, 2]] 41:[[1, 2, 2]] 43:[[1, 1, 2], [1, 1, 2]] 47:[[1, 2, 2]]
10081 4 4 3:[[1, 4, 1], [1, 4, 1]] 5:[[1, 4, 1], [1, 4, 1]] 7:[[1, 4, 1], [1, 4, 1]] 11:[[1, 4, 1], [1, 4, 1]] 13:[[1, 2, 4]] 17:[[2, 2, 2]] 19:[[1, 2, 2], [1, 2, 2]] 23:[[1, 2, 4]] 29:[[1, 2, 4]] 31:[[1, 2, 4]] 37:[[1, 2, 4]] 41:[[1, 4, 1], [1, 4, 1]] 43:[[1, 2, 4]] 47:[[1, 2, 4]]
10097 1 2 3:[[1, 2, 2]] 5:[[1, 2, 2]] 7:[[1, 2, 2]] 11:[[1, 2, 2]] 13:[[1, 1, 2], [1, 1, 2]] 17:[[1, 2, 1], [1, 2, 1]] 19:[[1, 2, 2]] 23:[[2, 2, 1]] 29:[[1, 1, 2], [1, 1, 2]] 31:[[1, 2, 2]] 37:[[1, 2, 1], [1, 2, 1]] 41:[[1, 2, 2]] 43:[[1, 2, 1], [1, 2, 1]] 47:[[1, 2, 2]]
10129 1 2 3:[[1, 2, 1], [1, 2, 1]] 5:[[1, 2, 1], [1, 2, 1]] 7:[[2, 1, 2]] 11:[[1, 1, 2], [1, 1, 2]] 13:[[1, 2, 2]] 17:[[1, 2, 2]] 19:[[1, 2, 2]] 23:[[1, 1, 2], [1, 1, 2]] 29:[[1, 2, 2]] 31:[[1, 2, 2]] 37:[[1, 1, 2], [1, 1, 2]] 41:[[1, 2, 1], [1, 2, 1]] 43:[[1, 1, 2], [1, 1, 2]] 47:[[1, 2, 1], [1, 2, 1]]
10217 2 2 3:[[1, 2, 2]] 5:[[1, 2, 2]] 7:[[1, 2, 1], [1, 2, 1]] 11:[[1, 2, 1], [1, 2, 1]] 13:[[1, 1, 2], [1, 1, 2]] 17:[[2, 2, 1]] 19:[[1, 2, 2]] 23:[[1, 2, 2]] 29:[[1, 2, 1], [1, 2, 1]] 31:[[1, 2, 1], [1, 2, 1]] 37:[[1, 2, 2]] 41:[[1, 2, 1], [1, 2, 1]] 43:[[1, 2, 2]] 47:[[1, 1, 2], [1, 1, 2]]
10297 1 2 3:[[1, 2, 1], [1, 2, 1]] 5:[[1, 2, 2]] 7:[[2, 2, 1]] 11:[[1, 1, 2], [1, 1, 2]] 13:[[1, 2, 1], [1, 2, 1]] 17:[[1, 2, 2]] 19:[[1, 2, 2]] 23:[[1, 1, 2], [1, 1, 2]] 29:[[1, 2, 2]] 31:[[1, 2, 1], [1, 2, 1]] 37:[[1, 1, 2], [1, 1, 2]] 41:[[1, 2, 2]] 43:[[1, 2, 2]] 47:[[1, 2, 1], [1, 2, 1]]
10409 1 2 3:[[1, 2, 2]] 5:[[1, 2, 1], [1, 2, 1]] 7:[[2, 1, 2]] 11:[[1, 1, 2], [1, 1, 2]] 13:[[1, 2, 1], [1, 2, 1]] 17:[[1, 2, 2]] 19:[[1, 2, 1], [1, 2, 1]] 23:[[1, 1, 2], [1, 1, 2]] 29:[[1, 2, 2]] 31:[[1, 2, 2]] 37:[[1, 1, 2], [1, 1, 2]] 41:[[1, 2, 1], [1, 2, 1]] 43:[[1, 2, 2]] 47:[[1, 2, 2]]
10489 2 2 3:[[1, 2, 1], [1, 2, 1]] 5:[[1, 2, 1], [1, 2, 1]] 7:[[1, 2, 2]] 11:[[1, 2, 2]] 13:[[1, 2, 2]] 17:[[2, 2, 1]] 19:[[1, 1, 2], [1, 1, 2]] 23:[[1, 2, 1], [1, 2, 1]] 29:[[1, 2, 1], [1, 2, 1]] 31:[[1, 2, 2]] 37:[[1, 2, 2]] 41:[[1, 2, 2]] 43:[[1, 1, 2], [1, 1, 2]] 47:[[1, 1, 2], [1, 1, 2]]
10537 2 2 3:[[1, 2, 1], [1, 2, 1]] 5:[[1, 2, 2]] 7:[[1, 2, 1], [1, 2, 1]] 11:[[1, 2, 2]] 13:[[1, 2, 2]] 17:[[1, 2, 2]] 19:[[1, 2, 1], [1, 2, 1]] 23:[[1, 1, 2], [1, 1, 2]] 29:[[1, 2, 2]] 31:[[1, 1, 2], [1, 1, 2]] 37:[[1, 2, 2]] 41:[[2, 2, 1]] 43:[[1, 2, 2]] 47:[[1, 2, 1], [1, 2, 1]]
10577 1 2 3:[[1, 2, 2]] 5:[[1, 2, 2]] 7:[[2, 1, 2]] 11:[[1, 2, 2]] 13:[[1, 2, 2]] 17:[[1, 2, 2]] 19:[[1, 2, 2]] 23:[[1, 2, 2]] 29:[[1, 2, 2]] 31:[[1, 2, 2]] 37:[[1, 2, 2]] 41:[[1, 2, 1], [1, 2, 1]] 43:[[1, 2, 2]] 47:[[1, 2, 1], [1, 2, 1]]
10649 1 2 3:[[1, 2, 2]] 5:[[1, 2, 1], [1, 2, 1]] 7:[[1, 2, 1], [1, 2, 1]] 11:[[1, 2, 1], [1, 2, 1]] 13:[[1, 2, 2]] 17:[[1, 2, 2]] 19:[[1, 2, 1], [1, 2, 1]] 23:[[2, 2, 1]] 29:[[1, 1, 2], [1, 1, 2]] 31:[[1, 1, 2], [1, 1, 2]] 37:[[1, 2, 1], [1, 2, 1]] 41:[[1, 2, 2]] 43:[[1, 2, 2]] 47:[[1, 1, 2], [1, 1, 2]]
10801 1 2 3:[[1, 2, 1], [1, 2, 1]] 5:[[1, 2, 1], [1, 2, 1]] 7:[[2, 1, 2]] 11:[[1, 2, 2]] 13:[[1, 2, 2]] 17:[[1, 2, 2]] 19:[[1, 2, 1], [1, 2, 1]] 23:[[1, 2, 2]] 29:[[1, 1, 2], [1, 1, 2]] 31:[[1, 2, 2]] 37:[[1, 1, 2], [1, 1, 2]] 41:[[1, 2, 1], [1, 2, 1]] 43:[[1, 2, 2]] 47:[[1, 2, 2]]
10897 2 2 3:[[1, 2, 1], [1, 2, 1]] 5:[[1, 2, 2]] 7:[[1, 2, 2]] 11:[[1, 2, 2]] 13:[[1, 1, 2], [1, 1, 2]] 17:[[2, 2, 1]] 19:[[1, 2, 2]] 23:[[1, 2, 1], [1, 2, 1]] 29:[[1, 2, 1], [1, 2, 1]] 31:[[1, 2, 1], [1, 2, 1]] 37:[[1, 2, 2]] 41:[[1, 2, 1], [1, 2, 1]] 43:[[1, 2, 2]] 47:[[1, 2, 2]]
10913 1 2 3:[[1, 2, 2]] 5:[[1, 2, 2]] 7:[[2, 1, 2]] 11:[[1, 1, 2], [1, 1, 2]] 13:[[1, 2, 2]] 17:[[1, 2, 1], [1, 2, 1]] 19:[[1, 2, 1], [1, 2, 1]] 23:[[1, 2, 2]] 29:[[1, 1, 2], [1, 1, 2]] 31:[[1, 2, 1], [1, 2, 1]] 37:[[1, 2, 2]] 41:[[1, 2, 2]] 43:[[1, 2, 2]] 47:[[1, 2, 1], [1, 2, 1]]
10969 1 2 3:[[1, 2, 1], [1, 2, 1]] 5:[[1, 2, 1], [1, 2, 1]] 7:[[2, 1, 2]] 11:[[1, 2, 2]] 13:[[1, 2, 1], [1, 2, 1]] 17:[[1, 2, 1], [1, 2, 1]] 19:[[1, 2, 1], [1, 2, 1]] 23:[[1, 2, 2]] 29:[[1, 1, 2], [1, 1, 2]] 31:[[1, 2, 2]] 37:[[1, 2, 2]] 41:[[1, 2, 2]] 43:[[1, 1, 2], [1, 1, 2]] 47:[[1, 2, 1], [1, 2, 1]]
11017 1 2 3:[[1, 1, 2], [1, 1, 2]] 5:[[1, 2, 2]] 7:[[1, 2, 2]] 11:[[1, 2, 2]] 13:[[1, 2, 2]] 17:[[1, 2, 1], [1, 2, 1]] 19:[[1, 2, 1], [1, 2, 1]] 23:[[2, 1, 2]] 29:[[1, 2, 2]] 31:[[1, 2, 2]] 37:[[1, 2, 1], [1, 2, 1]] 41:[[1, 2, 2]] 43:[[1, 2, 1], [1, 2, 1]] 47:[[1, 2, 2]]
11081 1 2 3:[[1, 2, 2]] 5:[[1, 2, 1], [1, 2, 1]] 7:[[2, 2, 1]] 11:[[1, 1, 2], [1, 1, 2]] 13:[[1, 2, 2]] 17:[[1, 2, 2]] 19:[[1, 2, 1], [1, 2, 1]] 23:[[1, 1, 2], [1, 1, 2]] 29:[[1, 2, 2]] 31:[[1, 2, 1], [1, 2, 1]] 37:[[1, 2, 2]] 41:[[1, 2, 2]] 43:[[1, 2, 2]] 47:[[1, 2, 1], [1, 2, 1]]
11129 1 2 3:[[1, 2, 2]] 5:[[1, 1, 2], [1, 1, 2]] 7:[[1, 2, 2]] 11:[[1, 2, 2]] 13:[[1, 2, 1], [1, 2, 1]] 17:[[1, 2, 2]] 19:[[1, 2, 2]] 23:[[1, 2, 2]] 29:[[1, 2, 1], [1, 2, 1]] 31:[[2, 2, 1]] 37:[[1, 2, 2]] 41:[[1, 1, 2], [1, 1, 2]] 43:[[1, 2, 1], [1, 2, 1]] 47:[[1, 1, 2], [1, 1, 2]]
11201 1 2 3:[[1, 2, 2]] 5:[[1, 2, 1], [1, 2, 1]] 7:[[1, 2, 1], [1, 2, 1]] 11:[[1, 2, 1], [1, 2, 1]] 13:[[1, 2, 2]] 17:[[1, 2, 1], [1, 2, 1]] 19:[[1, 2, 2]] 23:[[2, 2, 1]] 29:[[1, 1, 2], [1, 1, 2]] 31:[[1, 1, 2], [1, 1, 2]] 37:[[1, 2, 1], [1, 2, 1]] 41:[[1, 1, 2], [1, 1, 2]] 43:[[1, 2, 1], [1, 2, 1]] 47:[[1, 2, 2]]
11233 1 2 3:[[1, 1, 2], [1, 1, 2]] 5:[[1, 2, 2]] 7:[[1, 2, 2]] 11:[[1, 2, 2]] 13:[[1, 2, 1], [1, 2, 1]] 17:[[1, 1, 2], [1, 1, 2]] 19:[[1, 2, 1], [1, 2, 1]] 23:[[1, 2, 1], [1, 2, 1]] 29:[[1, 2, 2]] 31:[[1, 2, 2]] 37:[[1, 2, 2]] 41:[[1, 2, 1], [1, 2, 1]] 43:[[1, 2, 1], [1, 2, 1]] 47:[[2, 2, 1]]
11249 1 2 3:[[1, 2, 2]] 5:[[1, 2, 1], [1, 2, 1]] 7:[[2, 2, 1]] 11:[[1, 2, 2]] 13:[[1, 2, 1], [1, 2, 1]] 17:[[1, 2, 2]] 19:[[1, 2, 1], [1, 2, 1]] 23:[[1, 1, 2], [1, 1, 2]] 29:[[1, 2, 2]] 31:[[1, 2, 2]] 37:[[1, 1, 2], [1, 1, 2]] 41:[[1, 2, 2]] 43:[[1, 2, 2]] 47:[[1, 2, 1], [1, 2, 1]]
11377 1 2 3:[[1, 2, 1], [1, 2, 1]] 5:[[1, 2, 2]] 7:[[1, 1, 2], [1, 1, 2]] 11:[[1, 2, 1], [1, 2, 1]] 13:[[1, 2, 2]] 17:[[1, 2, 1], [1, 2, 1]] 19:[[1, 2, 2]] 23:[[1, 2, 2]] 29:[[1, 2, 1], [1, 2, 1]] 31:[[2, 1, 2]] 37:[[1, 2, 2]] 41:[[1, 1, 2], [1, 1, 2]] 43:[[1, 2, 1], [1, 2, 1]] 47:[[1, 1, 2], [1, 1, 2]]
11441 2 2 3:[[1, 2, 2]] 5:[[1, 2, 1], [1, 2, 1]] 7:[[1, 2, 2]] 11:[[1, 2, 1], [1, 2, 1]] 13:[[1, 1, 2], [1, 1, 2]] 17:[[2, 2, 1]] 19:[[1, 2, 2]] 23:[[1, 2, 2]] 29:[[1, 2, 2]] 31:[[1, 2, 1], [1, 2, 1]] 37:[[1, 2, 2]] 41:[[1, 2, 1], [1, 2, 1]] 43:[[1, 2, 2]] 47:[[1, 2, 2]]
11521 2 2 3:[[1, 2, 1], [1, 2, 1]] 5:[[1, 1, 2], [1, 1, 2]] 7:[[1, 2, 2]] 11:[[1, 2, 1], [1, 2, 1]] 13:[[1, 2, 1], [1, 2, 1]] 17:[[1, 2, 2]] 19:[[1, 2, 1], [1, 2, 1]] 23:[[1, 2, 2]] 29:[[1, 2, 2]] 31:[[1, 1, 2], [1, 1, 2]] 37:[[1, 2, 2]] 41:[[2, 2, 1]] 43:[[1, 1, 2], [1, 1, 2]] 47:[[1, 2, 1], [1, 2, 1]]
11569 1 2 3:[[1, 1, 2], [1, 1, 2]] 5:[[1, 2, 1], [1, 2, 1]] 7:[[1, 2, 2]] 11:[[1, 2, 2]] 13:[[1, 1, 2], [1, 1, 2]] 17:[[1, 2, 1], [1, 2, 1]] 19:[[1, 2, 1], [1, 2, 1]] 23:[[2, 1, 2]] 29:[[1, 2, 2]] 31:[[1, 2, 2]] 37:[[1, 2, 1], [1, 2, 1]] 41:[[1, 2, 2]] 43:[[1, 2, 2]] 47:[[1, 1, 2], [1, 1, 2]]
11753 2 4 3:[[1, 2, 4]] 5:[[1, 2, 4]] 7:[[2, 2, 2]] 11:[[1, 2, 2], [1, 2, 2]] 13:[[1, 2, 2], [1, 2, 2]] 17:[[1, 2, 4]] 19:[[1, 2, 2], [1, 2, 2]] 23:[[2, 1, 4]] 29:[[1, 2, 4]] 31:[[1, 2, 2], [1, 2, 2]] 37:[[1, 2, 4]] 41:[[1, 2, 4]] 43:[[1, 2, 2], [1, 2, 2]] 47:[[1, 2, 2], [1, 2, 2]]
11857 1 2 3:[[1, 1, 2], [1, 1, 2]] 5:[[1, 2, 2]] 7:[[1, 2, 2]] 11:[[1, 2, 2]] 13:[[1, 2, 1], [1, 2, 1]] 17:[[1, 2, 1], [1, 2, 1]] 19:[[1, 1, 2], [1, 1, 2]] 23:[[1, 2, 1], [1, 2, 1]] 29:[[1, 1, 2], [1, 1, 2]] 31:[[1, 2, 2]] 37:[[1, 2, 2]] 41:[[1, 2, 1], [1, 2, 1]] 43:[[1, 2, 2]] 47:[[1, 2, 2]]
11873 1 2 3:[[1, 2, 2]] 5:[[1, 2, 2]] 7:[[1, 1, 2], [1, 1, 2]] 11:[[1, 2, 1], [1, 2, 1]] 13:[[1, 2, 1], [1, 2, 1]] 17:[[1, 2, 2]] 19:[[1, 1, 2], [1, 1, 2]] 23:[[1, 2, 2]] 29:[[1, 2, 2]] 31:[[2, 1, 2]] 37:[[1, 2, 1], [1, 2, 1]] 41:[[1, 2, 2]] 43:[[1, 2, 2]] 47:[[1, 2, 2]]
11929 1 2 3:[[1, 2, 1], [1, 2, 1]] 5:[[1, 1, 2], [1, 1, 2]] 7:[[1, 2, 1], [1, 2, 1]] 11:[[1, 1, 2], [1, 1, 2]] 13:[[1, 2, 2]] 17:[[1, 2, 2]] 19:[[1, 1, 2], [1, 1, 2]] 23:[[1, 2, 2]] 29:[[1, 2, 2]] 31:[[1, 1, 2], [1, 1, 2]] 37:[[1, 2, 2]] 41:[[1, 2, 1], [1, 2, 1]] 43:[[1, 2, 2]] 47:[[1, 2, 2]]
12193 2 2 3:[[1, 2, 1], [1, 2, 1]] 5:[[1, 2, 2]] 7:[[1, 2, 2]] 11:[[1, 1, 2], [1, 1, 2]] 13:[[1, 2, 1], [1, 2, 1]] 17:[[1, 1, 2], [1, 1, 2]] 19:[[1, 2, 2]] 23:[[1, 2, 1], [1, 2, 1]] 29:[[1, 2, 1], [1, 2, 1]] 31:[[1, 2, 1], [1, 2, 1]] 37:[[1, 2, 2]] 41:[[1, 2, 1], [1, 2, 1]] 43:[[1, 2, 1], [1, 2, 1]] 47:[[1, 2, 2]]
12257 2 4 3:[[1, 2, 4]] 5:[[1, 2, 4]] 7:[[2, 2, 2]] 11:[[1, 2, 2], [1, 2, 2]] 13:[[1, 2, 4]] 17:[[2, 2, 2]] 19:[[1, 2, 4]] 23:[[1, 2, 4]] 29:[[1, 2, 4]] 31:[[1, 2, 4]] 37:[[1, 2, 2], [1, 2, 2]] 41:[[1, 2, 2], [1, 2, 2]] 43:[[1, 2, 4]] 47:[[1, 2, 2], [1, 2, 2]]
12313 1 2 3:[[1, 2, 1], [1, 2, 1]] 5:[[1, 2, 2]] 7:[[2, 2, 1]] 11:[[1, 1, 2], [1, 1, 2]] 13:[[1, 2, 2]] 17:[[1, 2, 2]] 19:[[1, 2, 1], [1, 2, 1]] 23:[[1, 1, 2], [1, 1, 2]] 29:[[1, 2, 2]] 31:[[1, 2, 2]] 37:[[1, 2, 2]] 41:[[1, 2, 2]] 43:[[1, 1, 2], [1, 1, 2]] 47:[[1, 2, 2]]
12361 1 2 3:[[1, 1, 2], [1, 1, 2]] 5:[[1, 2, 1], [1, 2, 1]] 7:[[1, 2, 2]] 11:[[1, 2, 2]] 13:[[1, 2, 2]] 17:[[1, 1, 2], [1, 1, 2]] 19:[[1, 2, 1], [1, 2, 1]] 23:[[1, 2, 2]] 29:[[1, 2, 1], [1, 2, 1]] 31:[[1, 2, 2]] 37:[[1, 1, 2], [1, 1, 2]] 41:[[1, 2, 1], [1, 2, 1]] 43:[[1, 2, 2]] 47:[[2, 2, 1]]
12481 1 2 3:[[1, 2, 1], [1, 2, 1]] 5:[[1, 2, 1], [1, 2, 1]] 7:[[2, 1, 2]] 11:[[1, 2, 2]] 13:[[1, 2, 1], [1, 2, 1]] 17:[[1, 2, 2]] 19:[[1, 2, 1], [1, 2, 1]] 23:[[1, 2, 2]] 29:[[1, 2, 2]] 31:[[1, 2, 1], [1, 2, 1]] 37:[[1, 1, 2], [1, 1, 2]] 41:[[1, 2, 2]] 43:[[1, 1, 2], [1, 1, 2]] 47:[[1, 2, 2]]
12737 1 2 3:[[1, 2, 2]] 5:[[1, 2, 2]] 7:[[1, 1, 2], [1, 1, 2]] 11:[[1, 2, 2]] 13:[[1, 2, 1], [1, 2, 1]] 17:[[1, 1, 2], [1, 1, 2]] 19:[[1, 2, 1], [1, 2, 1]] 23:[[1, 2, 1], [1, 2, 1]] 29:[[1, 2, 1], [1, 2, 1]] 31:[[1, 2, 2]] 37:[[1, 1, 2], [1, 1, 2]] 41:[[1, 2, 2]] 43:[[1, 2, 1], [1, 2, 1]] 47:[[2, 2, 1]]
12761 1 2 3:[[1, 2, 2]] 5:[[1, 2, 1], [1, 2, 1]] 7:[[2, 1, 2]] 11:[[1, 1, 2], [1, 1, 2]] 13:[[1, 2, 2]] 17:[[1, 2, 2]] 19:[[1, 2, 2]] 23:[[1, 2, 2]] 29:[[1, 1, 2], [1, 1, 2]] 31:[[1, 2, 1], [1, 2, 1]] 37:[[1, 1, 2], [1, 1, 2]] 41:[[1, 2, 1], [1, 2, 1]] 43:[[1, 2, 2]] 47:[[1, 2, 1], [1, 2, 1]]
12817 1 2 3:[[1, 2, 1], [1, 2, 1]] 5:[[1, 2, 2]] 7:[[2, 2, 1]] 11:[[1, 2, 2]] 13:[[1, 2, 1], [1, 2, 1]] 17:[[1, 2, 1], [1, 2, 1]] 19:[[1, 2, 1], [1, 2, 1]] 23:[[1, 1, 2], [1, 1, 2]] 29:[[1, 1, 2], [1, 1, 2]] 31:[[1, 2, 1], [1, 2, 1]] 37:[[1, 2, 2]] 41:[[1, 2, 1], [1, 2, 1]] 43:[[1, 2, 2]] 47:[[1, 2, 2]]
12833 2 2 3:[[1, 2, 2]] 5:[[1, 2, 2]] 7:[[1, 2, 1], [1, 2, 1]] 11:[[1, 2, 2]] 13:[[1, 2, 2]] 17:[[1, 2, 1], [1, 2, 1]] 19:[[1, 2, 2]] 23:[[1, 2, 2]] 29:[[1, 2, 2]] 31:[[1, 2, 2]] 37:[[1, 2, 2]] 41:[[2, 2, 1]] 43:[[1, 2, 2]] 47:[[1, 2, 1], [1, 2, 1]]
12929 1 2 3:[[1, 2, 2]] 5:[[1, 2, 1], [1, 2, 1]] 7:[[2, 1, 2]] 11:[[1, 1, 2], [1, 1, 2]] 13:[[1, 2, 2]] 17:[[1, 2, 1], [1, 2, 1]] 19:[[1, 2, 1], [1, 2, 1]] 23:[[1, 1, 2], [1, 1, 2]] 29:[[1, 1, 2], [1, 1, 2]] 31:[[1, 2, 1], [1, 2, 1]] 37:[[1, 1, 2], [1, 1, 2]] 41:[[1, 2, 2]] 43:[[1, 2, 2]] 47:[[1, 2, 1], [1, 2, 1]]
13081 1 2 3:[[1, 2, 1], [1, 2, 1]] 5:[[1, 2, 1], [1, 2, 1]] 7:[[1, 2, 2]] 11:[[1, 2, 2]] 13:[[1, 1, 2], [1, 1, 2]] 17:[[1, 1, 2], [1, 1, 2]] 19:[[1, 1, 2], [1, 1, 2]] 23:[[1, 2, 2]] 29:[[1, 2, 2]] 31:[[1, 2, 2]] 37:[[1, 2, 2]] 41:[[1, 1, 2], [1, 1, 2]] 43:[[1, 2, 1], [1, 2, 1]] 47:[[1, 2, 2]]
13097 1 2 3:[[1, 2, 2]] 5:[[1, 2, 2]] 7:[[2, 2, 1]] 11:[[1, 2, 2]] 13:[[1, 2, 2]] 17:[[1, 2, 2]] 19:[[1, 2, 1], [1, 2, 1]] 23:[[1, 2, 2]] 29:[[1, 2, 2]] 31:[[1, 2, 2]] 37:[[1, 1, 2], [1, 1, 2]] 41:[[1, 2, 1], [1, 2, 1]] 43:[[1, 1, 2], [1, 1, 2]] 47:[[1, 2, 2]]
13193 1 2 3:[[1, 2, 2]] 5:[[1, 2, 2]] 7:[[1, 2, 2]] 11:[[1, 1, 2], [1, 1, 2]] 13:[[1, 2, 2]] 17:[[1, 2, 1], [1, 2, 1]] 19:[[1, 1, 2], [1, 1, 2]] 23:[[1, 2, 2]] 29:[[1, 2, 2]] 31:[[1, 1, 2], [1, 1, 2]] 37:[[1, 2, 1], [1, 2, 1]] 41:[[1, 2, 1], [1, 2, 1]] 43:[[1, 2, 1], [1, 2, 1]] 47:[[1, 2, 2]]
13289 2 2 3:[[1, 2, 2]] 5:[[1, 2, 1], [1, 2, 1]] 7:[[1, 2, 2]] 11:[[1, 1, 2], [1, 1, 2]] 13:[[1, 2, 1], [1, 2, 1]] 17:[[1, 2, 2]] 19:[[1, 2, 2]] 23:[[1, 2, 1], [1, 2, 1]] 29:[[1, 2, 1], [1, 2, 1]] 31:[[1, 2, 2]] 37:[[1, 2, 2]] 41:[[1, 2, 1], [1, 2, 1]] 43:[[1, 2, 2]] 47:[[1, 2, 2]]
13361 1 2 3:[[1, 2, 2]] 5:[[1, 1, 2], [1, 1, 2]] 7:[[1, 2, 2]] 11:[[1, 2, 2]] 13:[[1, 2, 1], [1, 2, 1]] 17:[[1, 2, 1], [1, 2, 1]] 19:[[1, 1, 2], [1, 1, 2]] 23:[[1, 2, 2]] 29:[[1, 2, 2]] 31:[[2, 2, 1]] 37:[[1, 2, 1], [1, 2, 1]] 41:[[1, 1, 2], [1, 1, 2]] 43:[[1, 2, 1], [1, 2, 1]] 47:[[1, 2, 2]]
13489 2 4 3:[[1, 2, 2], [1, 2, 2]] 5:[[1, 2, 2], [1, 2, 2]] 7:[[2, 2, 2]] 11:[[1, 2, 2], [1, 2, 2]] 13:[[1, 2, 4]] 17:[[1, 2, 2], [1, 2, 2]] 19:[[1, 2, 4]] 23:[[1, 2, 4]] 29:[[1, 2, 2], [1, 2, 2]] 31:[[1, 2, 2], [1, 2, 2]] 37:[[1, 1, 4], [1, 1, 4]] 41:[[2, 2, 2]] 43:[[1, 2, 4]] 47:[[2, 2, 2]]
13561 1 2 3:[[1, 1, 2], [1, 1, 2]] 5:[[1, 1, 2], [1, 1, 2]] 7:[[1, 2, 1], [1, 2, 1]] 11:[[1, 2, 1], [1, 2, 1]] 13:[[1, 2, 2]] 17:[[1, 2, 2]] 19:[[1, 2, 2]] 23:[[1, 2, 2]] 29:[[1, 2, 2]] 31:[[1, 2, 1], [1, 2, 1]] 37:[[1, 2, 2]] 41:[[1, 2, 1], [1, 2, 1]] 43:[[1, 1, 2], [1, 1, 2]] 47:[[1, 2, 1], [1, 2, 1]]
13609 1 2 3:[[1, 2, 1], [1, 2, 1]] 5:[[1, 1, 2], [1, 1, 2]] 7:[[1, 1, 2], [1, 1, 2]] 11:[[1, 2, 2]] 13:[[1, 2, 2]] 17:[[1, 2, 1], [1, 2, 1]] 19:[[1, 1, 2], [1, 1, 2]] 23:[[1, 2, 1], [1, 2, 1]] 29:[[1, 2, 2]] 31:[[2, 2, 1]] 37:[[1, 2, 1], [1, 2, 1]] 41:[[1, 2, 2]] 43:[[1, 2, 1], [1, 2, 1]] 47:[[1, 2, 2]]
13657 1 2 3:[[1, 2, 1], [1, 2, 1]] 5:[[1, 2, 2]] 7:[[2, 1, 2]] 11:[[1, 2, 2]] 13:[[1, 2, 2]] 17:[[1, 2, 2]] 19:[[1, 2, 2]] 23:[[1, 1, 2], [1, 1, 2]] 29:[[1, 2, 2]] 31:[[1, 2, 2]] 37:[[1, 1, 2], [1, 1, 2]] 41:[[1, 2, 1], [1, 2, 1]] 43:[[1, 2, 2]] 47:[[1, 2, 1], [1, 2, 1]]
13753 2 2 3:[[1, 2, 1], [1, 2, 1]] 5:[[1, 2, 2]] 7:[[1, 2, 2]] 11:[[1, 2, 1], [1, 2, 1]] 13:[[1, 1, 2], [1, 1, 2]] 17:[[2, 2, 1]] 19:[[1, 1, 2], [1, 1, 2]] 23:[[1, 2, 2]] 29:[[1, 2, 1], [1, 2, 1]] 31:[[1, 2, 1], [1, 2, 1]] 37:[[1, 2, 1], [1, 2, 1]] 41:[[1, 2, 1], [1, 2, 1]] 43:[[1, 1, 2], [1, 1, 2]] 47:[[1, 2, 2]]
13777 1 2 3:[[1, 1, 2], [1, 1, 2]] 5:[[1, 2, 2]] 7:[[1, 2, 1], [1, 2, 1]] 11:[[1, 2, 1], [1, 2, 1]] 13:[[1, 1, 2], [1, 1, 2]] 17:[[1, 2, 2]] 19:[[1, 2, 2]] 23:[[2, 2, 1]] 29:[[1, 2, 2]] 31:[[1, 2, 2]] 37:[[1, 2, 2]] 41:[[1, 1, 2], [1, 1, 2]] 43:[[1, 2, 1], [1, 2, 1]] 47:[[1, 1, 2], [1, 1, 2]]
13961 1 2 3:[[1, 2, 2]] 5:[[1, 2, 1], [1, 2, 1]] 7:[[1, 2, 2]] 11:[[1, 2, 2]] 13:[[1, 1, 2], [1, 1, 2]] 17:[[1, 2, 1], [1, 2, 1]] 19:[[1, 2, 2]] 23:[[2, 2, 1]] 29:[[1, 2, 2]] 31:[[1, 2, 2]] 37:[[1, 2, 1], [1, 2, 1]] 41:[[1, 1, 2], [1, 1, 2]] 43:[[1, 2, 2]] 47:[[1, 1, 2], [1, 1, 2]]
13993 1 2 3:[[1, 2, 1], [1, 2, 1]] 5:[[1, 2, 2]] 7:[[2, 2, 1]] 11:[[1, 1, 2], [1, 1, 2]] 13:[[1, 2, 2]] 17:[[1, 2, 1], [1, 2, 1]] 19:[[1, 2, 1], [1, 2, 1]] 23:[[1, 1, 2], [1, 1, 2]] 29:[[1, 2, 2]] 31:[[1, 2, 2]] 37:[[1, 1, 2], [1, 1, 2]] 41:[[1, 2, 2]] 43:[[1, 2, 2]] 47:[[1, 2, 1], [1, 2, 1]]
14129 3 6 3:[[1, 2, 6]] 5:[[1, 3, 2], [1, 3, 2]] 7:[[1, 2, 6]] 11:[[1, 6, 1], [1, 6, 1]] 13:[[1, 2, 6]] 17:[[1, 6, 1], [1, 6, 1]] 19:[[1, 2, 6]] 23:[[1, 2, 6]] 29:[[1, 3, 2], [1, 3, 2]] 31:[[1, 2, 6]] 37:[[1, 2, 6]] 41:[[1, 6, 1], [1, 6, 1]] 43:[[1, 3, 2], [1, 3, 2]] 47:[[1, 2, 6]]
14273 1 2 3:[[1, 2, 2]] 5:[[1, 2, 2]] 7:[[2, 2, 1]] 11:[[1, 2, 2]] 13:[[1, 2, 1], [1, 2, 1]] 17:[[1, 2, 2]] 19:[[1, 2, 1], [1, 2, 1]] 23:[[1, 1, 2], [1, 1, 2]] 29:[[1, 1, 2], [1, 1, 2]] 31:[[1, 2, 2]] 37:[[1, 1, 2], [1, 1, 2]] 41:[[1, 2, 1], [1, 2, 1]] 43:[[1, 1, 2], [1, 1, 2]] 47:[[1, 2, 1], [1, 2, 1]]
14329 2 4 3:[[1, 2, 2], [1, 2, 2]] 5:[[1, 2, 2], [1, 2, 2]] 7:[[2, 2, 2]] 11:[[1, 2, 4]] 13:[[1, 2, 2], [1, 2, 2]] 17:[[1, 2, 2], [1, 2, 2]] 19:[[1, 2, 4]] 23:[[2, 2, 2]] 29:[[1, 2, 4]] 31:[[1, 2, 2], [1, 2, 2]] 37:[[1, 2, 2], [1, 2, 2]] 41:[[1, 2, 2], [1, 2, 2]] 43:[[1, 2, 2], [1, 2, 2]] 47:[[1, 2, 4]]
14353 1 2 3:[[1, 2, 1], [1, 2, 1]] 5:[[1, 2, 2]] 7:[[1, 2, 2]] 11:[[1, 2, 1], [1, 2, 1]] 13:[[1, 2, 1], [1, 2, 1]] 17:[[1, 2, 2]] 19:[[1, 2, 2]] 23:[[1, 2, 1], [1, 2, 1]] 29:[[1, 2, 2]] 31:[[2, 1, 2]] 37:[[1, 2, 1], [1, 2, 1]] 41:[[1, 2, 2]] 43:[[1, 2, 2]] 47:[[1, 1, 2], [1, 1, 2]]
14441 1 2 3:[[1, 2, 2]] 5:[[1, 2, 1], [1, 2, 1]] 7:[[2, 1, 2]] 11:[[1, 1, 2], [1, 1, 2]] 13:[[1, 2, 2]] 17:[[1, 2, 1], [1, 2, 1]] 19:[[1, 2, 1], [1, 2, 1]] 23:[[1, 2, 2]] 29:[[1, 1, 2], [1, 1, 2]] 31:[[1, 2, 2]] 37:[[1, 1, 2], [1, 1, 2]] 41:[[1, 2, 1], [1, 2, 1]] 43:[[1, 1, 2], [1, 1, 2]] 47:[[1, 2, 1], [1, 2, 1]]
14569 2 2 3:[[1, 2, 1], [1, 2, 1]] 5:[[1, 2, 1], [1, 2, 1]] 7:[[1, 2, 1], [1, 2, 1]] 11:[[1, 2, 1], [1, 2, 1]] 13:[[1, 1, 2], [1, 1, 2]] 17:[[2, 2, 1]] 19:[[1, 2, 2]] 23:[[1, 2, 2]] 29:[[1, 2, 2]] 31:[[1, 2, 2]] 37:[[1, 2, 1], [1, 2, 1]] 41:[[1, 2, 2]] 43:[[1, 1, 2], [1, 1, 2]] 47:[[1, 2, 2]]
14609 3 6 3:[[1, 2, 6]] 5:[[1, 6, 1], [1, 6, 1]] 7:[[2, 2, 3]] 11:[[1, 3, 2], [1, 3, 2]] 13:[[1, 6, 1], [1, 6, 1]] 17:[[1, 2, 6]] 19:[[1, 6, 1], [1, 6, 1]] 23:[[1, 3, 2], [1, 3, 2]] 29:[[1, 3, 2], [1, 3, 2]] 31:[[1, 6, 1], [1, 6, 1]] 37:[[1, 2, 6]] 41:[[1, 2, 6]] 43:[[1, 2, 6]] 47:[[1, 2, 6]]
14617 1 2 3:[[1, 1, 2], [1, 1, 2]] 5:[[1, 2, 2]] 7:[[1, 1, 2], [1, 1, 2]] 11:[[1, 2, 1], [1, 2, 1]] 13:[[1, 2, 2]] 17:[[1, 2, 2]] 19:[[1, 2, 1], [1, 2, 1]] 23:[[1, 2, 1], [1, 2, 1]] 29:[[1, 2, 1], [1, 2, 1]] 31:[[1, 2, 1], [1, 2, 1]] 37:[[1, 2, 2]] 41:[[1, 2, 1], [1, 2, 1]] 43:[[1, 2, 1], [1, 2, 1]] 47:[[2, 1, 2]]
14777 1 2 3:[[1, 2, 2]] 5:[[1, 2, 2]] 7:[[2, 2, 1]] 11:[[1, 1, 2], [1, 1, 2]] 13:[[1, 2, 1], [1, 2, 1]] 17:[[1, 2, 1], [1, 2, 1]] 19:[[1, 2, 2]] 23:[[1, 2, 2]] 29:[[1, 1, 2], [1, 1, 2]] 31:[[1, 2, 2]] 37:[[1, 2, 2]] 41:[[1, 2, 2]] 43:[[1, 2, 2]] 47:[[1, 2, 2]]
14849 1 2 3:[[1, 2, 2]] 5:[[1, 1, 2], [1, 1, 2]] 7:[[1, 1, 2], [1, 1, 2]] 11:[[1, 2, 2]] 13:[[1, 2, 1], [1, 2, 1]] 17:[[1, 2, 1], [1, 2, 1]] 19:[[1, 2, 2]] 23:[[1, 2, 2]] 29:[[1, 2, 1], [1, 2, 1]] 31:[[2, 2, 1]] 37:[[1, 2, 1], [1, 2, 1]] 41:[[1, 2, 2]] 43:[[1, 2, 1], [1, 2, 1]] 47:[[1, 2, 2]]
14881 1 2 3:[[1, 1, 2], [1, 1, 2]] 5:[[1, 2, 1], [1, 2, 1]] 7:[[1, 2, 2]] 11:[[1, 2, 1], [1, 2, 1]] 13:[[1, 1, 2], [1, 1, 2]] 17:[[1, 2, 2]] 19:[[1, 2, 1], [1, 2, 1]] 23:[[2, 2, 1]] 29:[[1, 1, 2], [1, 1, 2]] 31:[[1, 1, 2], [1, 1, 2]] 37:[[1, 2, 1], [1, 2, 1]] 41:[[1, 1, 2], [1, 1, 2]] 43:[[1, 2, 2]] 47:[[1, 2, 2]]
15001 1 2 3:[[1, 2, 1], [1, 2, 1]] 5:[[1, 2, 1], [1, 2, 1]] 7:[[2, 2, 1]] 11:[[1, 2, 2]] 13:[[1, 2, 1], [1, 2, 1]] 17:[[1, 2, 2]] 19:[[1, 2, 2]] 23:[[1, 2, 2]] 29:[[1, 2, 2]] 31:[[1, 2, 1], [1, 2, 1]] 37:[[1, 1, 2], [1, 1, 2]] 41:[[1, 2, 1], [1, 2, 1]] 43:[[1, 2, 2]] 47:[[1, 2, 1], [1, 2, 1]]
15097 1 2 3:[[1, 2, 1], [1, 2, 1]] 5:[[1, 2, 2]] 7:[[1, 2, 2]] 11:[[1, 2, 1], [1, 2, 1]] 13:[[1, 2, 1], [1, 2, 1]] 17:[[1, 2, 1], [1, 2, 1]] 19:[[1, 1, 2], [1, 1, 2]] 23:[[1, 2, 1], [1, 2, 1]] 29:[[1, 2, 2]] 31:[[2, 1, 2]] 37:[[1, 2, 1], [1, 2, 1]] 41:[[1, 1, 2], [1, 1, 2]] 43:[[1, 2, 1], [1, 2, 1]] 47:[[1, 2, 2]]
15113 2 4 3:[[1, 2, 4]] 5:[[1, 2, 4]] 7:[[2, 2, 2]] 11:[[1, 2, 4]] 13:[[1, 2, 4]] 17:[[2, 2, 2]] 19:[[1, 2, 4]] 23:[[1, 2, 2], [1, 2, 2]] 29:[[1, 2, 2], [1, 2, 2]] 31:[[1, 2, 2], [1, 2, 2]] 37:[[1, 2, 4]] 41:[[1, 2, 2], [1, 2, 2]] 43:[[1, 2, 4]] 47:[[1, 2, 4]]
15121 5 5 3:[[1, 5, 1], [1, 5, 1]] 5:[[1, 5, 1], [1, 5, 1]] 7:[[1, 5, 1], [1, 5, 1]] 11:[[1, 2, 5]] 13:[[1, 2, 5]] 17:[[1, 5, 1], [1, 5, 1]] 19:[[1, 5, 1], [1, 5, 1]] 23:[[1, 2, 5]] 29:[[1, 2, 5]] 31:[[1, 2, 5]] 37:[[1, 5, 1], [1, 5, 1]] 41:[[1, 5, 1], [1, 5, 1]] 43:[[1, 2, 5]] 47:[[1, 5, 1], [1, 5, 1]]
15193 3 3 3:[[1, 3, 1], [1, 3, 1]] 5:[[1, 2, 3]] 7:[[1, 2, 3]] 11:[[1, 2, 3]] 13:[[1, 3, 1], [1, 3, 1]] 17:[[1, 2, 3]] 19:[[1, 2, 3]] 23:[[1, 3, 1], [1, 3, 1]] 29:[[1, 2, 3]] 31:[[1, 2, 3]] 37:[[1, 2, 3]] 41:[[1, 3, 1], [1, 3, 1]] 43:[[1, 3, 1], [1, 3, 1]] 47:[[1, 1, 3], [1, 1, 3]]
15449 1 2 3:[[1, 2, 2]] 5:[[1, 2, 1], [1, 2, 1]] 7:[[2, 2, 1]] 11:[[1, 1, 2], [1, 1, 2]] 13:[[1, 2, 2]] 17:[[1, 2, 1], [1, 2, 1]] 19:[[1, 2, 2]] 23:[[1, 1, 2], [1, 1, 2]] 29:[[1, 2, 2]] 31:[[1, 2, 2]] 37:[[1, 2, 2]] 41:[[1, 2, 1], [1, 2, 1]] 43:[[1, 2, 2]] 47:[[1, 2, 2]]
15481 2 2 3:[[1, 2, 1], [1, 2, 1]] 5:[[1, 2, 1], [1, 2, 1]] 7:[[1, 1, 2], [1, 1, 2]] 11:[[1, 1, 2], [1, 1, 2]] 13:[[1, 2, 2]] 17:[[1, 2, 2]] 19:[[1, 2, 2]] 23:[[1, 2, 1], [1, 2, 1]] 29:[[1, 2, 1], [1, 2, 1]] 31:[[1, 2, 2]] 37:[[1, 2, 2]] 41:[[1, 2, 2]] 43:[[1, 2, 1], [1, 2, 1]] 47:[[1, 2, 1], [1, 2, 1]]
15553 1 2 3:[[1, 2, 1], [1, 2, 1]] 5:[[1, 2, 2]] 7:[[1, 2, 2]] 11:[[1, 2, 2]] 13:[[1, 2, 2]] 17:[[1, 1, 2], [1, 1, 2]] 19:[[1, 1, 2], [1, 1, 2]] 23:[[1, 2, 2]] 29:[[1, 1, 2], [1, 1, 2]] 31:[[1, 2, 2]] 37:[[1, 2, 2]] 41:[[1, 2, 2]] 43:[[1, 2, 2]] 47:[[1, 2, 2]]
15617 2 4 3:[[1, 2, 4]] 5:[[1, 2, 4]] 7:[[2, 2, 2]] 11:[[1, 2, 4]] 13:[[1, 2, 2], [1, 2, 2]] 17:[[1, 2, 4]] 19:[[1, 2, 4]] 23:[[2, 2, 2]] 29:[[1, 2, 4]] 31:[[1, 2, 4]] 37:[[1, 2, 2], [1, 2, 2]] 41:[[1, 2, 2], [1, 2, 2]] 43:[[1, 2, 4]] 47:[[1, 2, 4]]
15641 3 3 3:[[1, 2, 3]] 5:[[1, 3, 1], [1, 3, 1]] 7:[[1, 2, 3]] 11:[[1, 2, 3]] 13:[[1, 2, 3]] 17:[[1, 3, 1], [1, 3, 1]] 19:[[1, 3, 1], [1, 3, 1]] 23:[[1, 3, 1], [1, 3, 1]] 29:[[1, 2, 3]] 31:[[1, 2, 3]] 37:[[1, 3, 1], [1, 3, 1]] 41:[[1, 3, 1], [1, 3, 1]] 43:[[1, 2, 3]] 47:[[1, 3, 1], [1, 3, 1]]
15673 1 2 3:[[1, 2, 1], [1, 2, 1]] 5:[[1, 2, 2]] 7:[[2, 1, 2]] 11:[[1, 1, 2], [1, 1, 2]] 13:[[1, 2, 2]] 17:[[1, 2, 1], [1, 2, 1]] 19:[[1, 2, 1], [1, 2, 1]] 23:[[1, 2, 2]] 29:[[1, 1, 2], [1, 1, 2]] 31:[[1, 2, 1], [1, 2, 1]] 37:[[1, 2, 2]] 41:[[1, 2, 2]] 43:[[1, 1, 2], [1, 1, 2]] 47:[[1, 2, 2]]
15721 1 2 3:[[1, 2, 1], [1, 2, 1]] 5:[[1, 1, 2], [1, 1, 2]] 7:[[1, 2, 2]] 11:[[1, 2, 2]] 13:[[1, 1, 2], [1, 1, 2]] 17:[[1, 2, 1], [1, 2, 1]] 19:[[1, 2, 2]] 23:[[1, 1, 2], [1, 1, 2]] 29:[[1, 2, 2]] 31:[[1, 1, 2], [1, 1, 2]] 37:[[1, 2, 1], [1, 2, 1]] 41:[[1, 2, 1], [1, 2, 1]] 43:[[1, 2, 2]] 47:[[1, 2, 2]]
15793 2 2 3:[[1, 2, 1], [1, 2, 1]] 5:[[1, 2, 2]] 7:[[1, 2, 1], [1, 2, 1]] 11:[[1, 2, 2]] 13:[[1, 2, 2]] 17:[[2, 2, 1]] 19:[[1, 1, 2], [1, 1, 2]] 23:[[1, 2, 2]] 29:[[1, 2, 2]] 31:[[1, 2, 1], [1, 2, 1]] 37:[[1, 2, 2]] 41:[[1, 2, 1], [1, 2, 1]] 43:[[1, 2, 2]] 47:[[1, 1, 2], [1, 1, 2]]
15833 1 2 3:[[1, 2, 2]] 5:[[1, 2, 2]] 7:[[1, 2, 2]] 11:[[1, 2, 1], [1, 2, 1]] 13:[[1, 2, 1], [1, 2, 1]] 17:[[1, 2, 2]] 19:[[1, 1, 2], [1, 1, 2]] 23:[[1, 2, 1], [1, 2, 1]] 29:[[1, 1, 2], [1, 1, 2]] 31:[[1, 2, 2]] 37:[[1, 1, 2], [1, 1, 2]] 41:[[1, 2, 2]] 43:[[1, 1, 2], [1, 1, 2]] 47:[[1, 2, 2]]
15841 2 4 3:[[1, 2, 2], [1, 2, 2]] 5:[[1, 2, 2], [1, 2, 2]] 7:[[2, 2, 2]] 11:[[1, 2, 2], [1, 2, 2]] 13:[[1, 2, 4]] 17:[[1, 2, 4]] 19:[[1, 2, 4]] 23:[[1, 2, 4]] 29:[[1, 2, 2], [1, 2, 2]] 31:[[2, 2, 2]] 37:[[1, 2, 4]] 41:[[1, 2, 4]] 43:[[1, 2, 2], [1, 2, 2]] 47:[[1, 2, 2], [1, 2, 2]]
16009 1 2 3:[[1, 2, 1], [1, 2, 1]] 5:[[1, 2, 1], [1, 2, 1]] 7:[[2, 1, 2]] 11:[[1, 1, 2], [1, 1, 2]] 13:[[1, 2, 2]] 17:[[1, 2, 2]] 19:[[1, 2, 1], [1, 2, 1]] 23:[[1, 1, 2], [1, 1, 2]] 29:[[1, 1, 2], [1, 1, 2]] 31:[[1, 2, 2]] 37:[[1, 1, 2], [1, 1, 2]] 41:[[1, 2, 2]] 43:[[1, 1, 2], [1, 1, 2]] 47:[[1, 2, 2]]
16177 1 2 3:[[1, 2, 1], [1, 2, 1]] 5:[[1, 2, 2]] 7:[[2, 2, 1]] 11:[[1, 2, 2]] 13:[[1, 2, 2]] 17:[[1, 2, 2]] 19:[[1, 2, 2]] 23:[[1, 1, 2], [1, 1, 2]] 29:[[1, 1, 2], [1, 1, 2]] 31:[[1, 2, 2]] 37:[[1, 2, 2]] 41:[[1, 2, 1], [1, 2, 1]] 43:[[1, 1, 2], [1, 1, 2]] 47:[[1, 2, 1], [1, 2, 1]]
16369 3 3 3:[[1, 3, 1], [1, 3, 1]] 5:[[1, 3, 1], [1, 3, 1]] 7:[[1, 2, 3]] 11:[[1, 3, 1], [1, 3, 1]] 13:[[1, 2, 3]] 17:[[1, 1, 3], [1, 1, 3]] 19:[[1, 2, 3]] 23:[[1, 3, 1], [1, 3, 1]] 29:[[1, 1, 3], [1, 1, 3]] 31:[[1, 3, 1], [1, 3, 1]] 37:[[1, 2, 3]] 41:[[1, 3, 1], [1, 3, 1]] 43:[[1, 2, 3]] 47:[[1, 2, 3]]
16441 2 4 3:[[1, 4, 1], [1, 4, 1]] 5:[[1, 2, 2], [1, 2, 2]] 7:[[1, 2, 4]] 11:[[1, 2, 4]] 13:[[1, 4, 1], [1, 4, 1]] 17:[[1, 4, 1], [1, 4, 1]] 19:[[1, 4, 1], [1, 4, 1]] 23:[[1, 2, 4]] 29:[[1, 2, 4]] 31:[[1, 2, 4]] 37:[[1, 2, 4]] 41:[[2, 2, 2]] 43:[[1, 2, 2], [1, 2, 2]] 47:[[1, 2, 4]]
16457 1 2 3:[[1, 2, 2]] 5:[[1, 2, 2]] 7:[[2, 1, 2]] 11:[[1, 1, 2], [1, 1, 2]] 13:[[1, 2, 1], [1, 2, 1]] 17:[[1, 2, 1], [1, 2, 1]] 19:[[1, 2, 2]] 23:[[1, 1, 2], [1, 1, 2]] 29:[[1, 2, 2]] 31:[[1, 2, 2]] 37:[[1, 2, 2]] 41:[[1, 2, 1], [1, 2, 1]] 43:[[1, 1, 2], [1, 1, 2]] 47:[[1, 2, 1], [1, 2, 1]]
16537 1 2 3:[[1, 1, 2], [1, 1, 2]] 5:[[1, 2, 2]] 7:[[1, 2, 2]] 11:[[1, 2, 1], [1, 2, 1]] 13:[[1, 1, 2], [1, 1, 2]] 17:[[1, 2, 1], [1, 2, 1]] 19:[[1, 2, 1], [1, 2, 1]] 23:[[2, 2, 1]] 29:[[1, 1, 2], [1, 1, 2]] 31:[[1, 1, 2], [1, 1, 2]] 37:[[1, 2, 2]] 41:[[1, 2, 2]] 43:[[1, 2, 1], [1, 2, 1]] 47:[[1, 2, 2]]
16649 3 3 3:[[1, 2, 3]] 5:[[1, 3, 1], [1, 3, 1]] 7:[[1, 2, 3]] 11:[[1, 2, 3]] 13:[[1, 3, 1], [1, 3, 1]] 17:[[1, 2, 3]] 19:[[1, 3, 1], [1, 3, 1]] 23:[[1, 2, 3]] 29:[[1, 2, 3]] 31:[[1, 3, 1], [1, 3, 1]] 37:[[1, 3, 1], [1, 3, 1]] 41:[[1, 2, 3]] 43:[[1, 2, 3]] 47:[[1, 2, 3]]
16681 1 2 3:[[1, 2, 1], [1, 2, 1]] 5:[[1, 2, 1], [1, 2, 1]] 7:[[2, 1, 2]] 11:[[1, 1, 2], [1, 1, 2]] 13:[[1, 2, 2]] 17:[[1, 2, 1], [1, 2, 1]] 19:[[1, 2, 2]] 23:[[1, 1, 2], [1, 1, 2]] 29:[[1, 1, 2], [1, 1, 2]] 31:[[1, 2, 2]] 37:[[1, 2, 2]] 41:[[1, 2, 2]] 43:[[1, 1, 2], [1, 1, 2]] 47:[[1, 2, 2]]
16793 1 2 3:[[1, 2, 2]] 5:[[1, 2, 2]] 7:[[2, 1, 2]] 11:[[1, 2, 2]] 13:[[1, 2, 1], [1, 2, 1]] 17:[[1, 2, 2]] 19:[[1, 2, 1], [1, 2, 1]] 23:[[1, 1, 2], [1, 1, 2]] 29:[[1, 2, 2]] 31:[[1, 2, 2]] 37:[[1, 2, 2]] 41:[[1, 2, 2]] 43:[[1, 1, 2], [1, 1, 2]] 47:[[1, 2, 1], [1, 2, 1]]
16873 1 2 3:[[1, 1, 2], [1, 1, 2]] 5:[[1, 2, 2]] 7:[[1, 2, 2]] 11:[[1, 2, 2]] 13:[[1, 2, 1], [1, 2, 1]] 17:[[1, 1, 2], [1, 1, 2]] 19:[[1, 2, 1], [1, 2, 1]] 23:[[1, 2, 2]] 29:[[1, 2, 1], [1, 2, 1]] 31:[[1, 2, 1], [1, 2, 1]] 37:[[1, 1, 2], [1, 1, 2]] 41:[[1, 2, 2]] 43:[[1, 2, 1], [1, 2, 1]] 47:[[2, 1, 2]]
16961 1 2 3:[[1, 2, 2]] 5:[[1, 2, 1], [1, 2, 1]] 7:[[2, 2, 1]] 11:[[1, 2, 2]] 13:[[1, 2, 1], [1, 2, 1]] 17:[[1, 2, 2]] 19:[[1, 2, 2]] 23:[[1, 2, 2]] 29:[[1, 1, 2], [1, 1, 2]] 31:[[1, 2, 1], [1, 2, 1]] 37:[[1, 2, 2]] 41:[[1, 2, 2]] 43:[[1, 2, 2]] 47:[[1, 2, 2]]
16969 1 2 3:[[1, 1, 2], [1, 1, 2]] 5:[[1, 1, 2], [1, 1, 2]] 7:[[1, 2, 1], [1, 2, 1]] 11:[[1, 2, 2]] 13:[[1, 2, 1], [1, 2, 1]] 17:[[1, 2, 2]] 19:[[1, 2, 2]] 23:[[1, 2, 1], [1, 2, 1]] 29:[[1, 1, 2], [1, 1, 2]] 31:[[1, 2, 2]] 37:[[1, 2, 2]] 41:[[1, 2, 1], [1, 2, 1]] 43:[[1, 2, 2]] 47:[[1, 2, 1], [1, 2, 1]]
17009 2 2 3:[[1, 2, 2]] 5:[[1, 2, 1], [1, 2, 1]] 7:[[1, 2, 2]] 11:[[1, 2, 1], [1, 2, 1]] 13:[[1, 2, 2]] 17:[[1, 2, 1], [1, 2, 1]] 19:[[1, 1, 2], [1, 1, 2]] 23:[[1, 1, 2], [1, 1, 2]] 29:[[1, 2, 2]] 31:[[1, 2, 2]] 37:[[1, 1, 2], [1, 1, 2]] 41:[[1, 2, 2]] 43:[[1, 2, 1], [1, 2, 1]] 47:[[1, 2, 1], [1, 2, 1]]
17089 1 2 3:[[1, 1, 2], [1, 1, 2]] 5:[[1, 2, 1], [1, 2, 1]] 7:[[1, 2, 1], [1, 2, 1]] 11:[[1, 2, 2]] 13:[[1, 2, 2]] 17:[[1, 2, 1], [1, 2, 1]] 19:[[1, 2, 2]] 23:[[2, 1, 2]] 29:[[1, 2, 2]] 31:[[1, 1, 2], [1, 1, 2]] 37:[[1, 2, 2]] 41:[[1, 1, 2], [1, 1, 2]] 43:[[1, 2, 2]] 47:[[1, 1, 2], [1, 1, 2]]
17129 1 2 3:[[1, 2, 2]] 5:[[1, 2, 1], [1, 2, 1]] 7:[[2, 2, 1]] 11:[[1, 2, 2]] 13:[[1, 2, 2]] 17:[[1, 2, 2]] 19:[[1, 2, 2]] 23:[[1, 2, 2]] 29:[[1, 2, 2]] 31:[[1, 2, 2]] 37:[[1, 2, 2]] 41:[[1, 2, 1], [1, 2, 1]] 43:[[1, 1, 2], [1, 1, 2]] 47:[[1, 2, 1], [1, 2, 1]]
17153 2 2 3:[[1, 2, 2]] 5:[[1, 2, 2]] 7:[[1, 2, 2]] 11:[[1, 2, 1], [1, 2, 1]] 13:[[1, 2, 2]] 17:[[2, 2, 1]] 19:[[1, 2, 2]] 23:[[1, 2, 1], [1, 2, 1]] 29:[[1, 2, 2]] 31:[[1, 2, 1], [1, 2, 1]] 37:[[1, 2, 2]] 41:[[1, 2, 2]] 43:[[1, 2, 2]] 47:[[1, 2, 2]]
17177 2 2 3:[[1, 2, 2]] 5:[[1, 2, 2]] 7:[[1, 2, 2]] 11:[[1, 2, 2]] 13:[[1, 2, 1], [1, 2, 1]] 17:[[1, 2, 2]] 19:[[1, 2, 1], [1, 2, 1]] 23:[[1, 2, 2]] 29:[[1, 2, 1], [1, 2, 1]] 31:[[1, 2, 2]] 37:[[1, 2, 1], [1, 2, 1]] 41:[[1, 2, 1], [1, 2, 1]] 43:[[1, 2, 2]] 47:[[1, 2, 2]]
17201 1 2 3:[[1, 2, 2]] 5:[[1, 2, 1], [1, 2, 1]] 7:[[1, 1, 2], [1, 1, 2]] 11:[[1, 2, 2]] 13:[[1, 2, 2]] 17:[[1, 2, 2]] 19:[[1, 1, 2], [1, 1, 2]] 23:[[1, 2, 2]] 29:[[1, 1, 2], [1, 1, 2]] 31:[[1, 2, 2]] 37:[[1, 2, 1], [1, 2, 1]] 41:[[1, 2, 2]] 43:[[1, 2, 1], [1, 2, 1]] 47:[[1, 2, 2]]
17249 1 2 3:[[1, 2, 2]] 5:[[1, 2, 1], [1, 2, 1]] 7:[[1, 1, 2], [1, 1, 2]] 11:[[1, 2, 1], [1, 2, 1]] 13:[[1, 2, 2]] 17:[[1, 2, 2]] 19:[[1, 2, 1], [1, 2, 1]] 23:[[1, 2, 2]] 29:[[1, 2, 1], [1, 2, 1]] 31:[[1, 2, 2]] 37:[[1, 1, 2], [1, 1, 2]] 41:[[1, 2, 2]] 43:[[1, 2, 1], [1, 2, 1]] 47:[[2, 1, 2]]
17521 1 2 3:[[1, 2, 1], [1, 2, 1]] 5:[[1, 2, 1], [1, 2, 1]] 7:[[2, 2, 1]] 11:[[1, 1, 2], [1, 1, 2]] 13:[[1, 2, 1], [1, 2, 1]] 17:[[1, 2, 2]] 19:[[1, 2, 2]] 23:[[1, 1, 2], [1, 1, 2]] 29:[[1, 1, 2], [1, 1, 2]] 31:[[1, 2, 2]] 37:[[1, 2, 2]] 41:[[1, 2, 2]] 43:[[1, 2, 2]] 47:[[1, 2, 1], [1, 2, 1]]
17561 2 4 3:[[1, 2, 4]] 5:[[1, 4, 1], [1, 4, 1]] 7:[[1, 2, 4]] 11:[[1, 4, 1], [1, 4, 1]] 13:[[1, 2, 4]] 17:[[2, 1, 4]] 19:[[1, 2, 2], [1, 2, 2]] 23:[[1, 4, 1], [1, 4, 1]] 29:[[1, 4, 1], [1, 4, 1]] 31:[[1, 2, 4]] 37:[[1, 2, 4]] 41:[[1, 2, 4]] 43:[[1, 1, 4], [1, 1, 4]] 47:[[1, 2, 4]]
17593 2 2 3:[[1, 1, 2], [1, 1, 2]] 5:[[1, 2, 2]] 7:[[1, 2, 1], [1, 2, 1]] 11:[[1, 2, 1], [1, 2, 1]] 13:[[1, 2, 1], [1, 2, 1]] 17:[[1, 2, 1], [1, 2, 1]] 19:[[1, 2, 2]] 23:[[1, 2, 2]] 29:[[1, 2, 2]] 31:[[1, 2, 1], [1, 2, 1]] 37:[[1, 2, 2]] 41:[[1, 1, 2], [1, 1, 2]] 43:[[1, 2, 1], [1, 2, 1]] 47:[[1, 2, 2]]
17617 1 2 3:[[1, 2, 1], [1, 2, 1]] 5:[[1, 2, 2]] 7:[[1, 2, 2]] 11:[[1, 2, 2]] 13:[[1, 2, 2]] 17:[[1, 2, 2]] 19:[[1, 1, 2], [1, 1, 2]] 23:[[1, 2, 2]] 29:[[1, 2, 2]] 31:[[1, 1, 2], [1, 1, 2]] 37:[[1, 2, 2]] 41:[[1, 2, 2]] 43:[[1, 2, 2]] 47:[[1, 2, 2]]
17801 1 2 3:[[1, 2, 2]] 5:[[1, 2, 1], [1, 2, 1]] 7:[[2, 2, 1]] 11:[[1, 1, 2], [1, 1, 2]] 13:[[1, 2, 1], [1, 2, 1]] 17:[[1, 2, 1], [1, 2, 1]] 19:[[1, 2, 1], [1, 2, 1]] 23:[[1, 2, 2]] 29:[[1, 1, 2], [1, 1, 2]] 31:[[1, 2, 1], [1, 2, 1]] 37:[[1, 1, 2], [1, 1, 2]] 41:[[1, 2, 2]] 43:[[1, 2, 2]] 47:[[1, 2, 2]]
17833 2 2 3:[[1, 2, 1], [1, 2, 1]] 5:[[1, 2, 2]] 7:[[1, 2, 1], [1, 2, 1]] 11:[[1, 2, 2]] 13:[[1, 1, 2], [1, 1, 2]] 17:[[2, 2, 1]] 19:[[1, 1, 2], [1, 1, 2]] 23:[[1, 2, 1], [1, 2, 1]] 29:[[1, 2, 2]] 31:[[1, 2, 1], [1, 2, 1]] 37:[[1, 2, 1], [1, 2, 1]] 41:[[1, 2, 1], [1, 2, 1]] 43:[[1, 1, 2], [1, 1, 2]] 47:[[1, 2, 2]]
17857 1 2 3:[[1, 2, 1], [1, 2, 1]] 5:[[1, 2, 2]] 7:[[2, 1, 2]] 11:[[1, 1, 2], [1, 1, 2]] 13:[[1, 2, 2]] 17:[[1, 2, 2]] 19:[[1, 2, 1], [1, 2, 1]] 23:[[1, 1, 2], [1, 1, 2]] 29:[[1, 1, 2], [1, 1, 2]] 31:[[1, 2, 1], [1, 2, 1]] 37:[[1, 2, 2]] 41:[[1, 2, 2]] 43:[[1, 2, 2]] 47:[[1, 2, 2]]
17969 2 4 3:[[1, 2, 4]] 5:[[1, 2, 2], [1, 2, 2]] 7:[[2, 2, 2]] 11:[[1, 2, 4]] 13:[[1, 2, 2], [1, 2, 2]] 17:[[2, 2, 2]] 19:[[1, 2, 4]] 23:[[1, 2, 2], [1, 2, 2]] 29:[[1, 2, 4]] 31:[[1, 2, 2], [1, 2, 2]] 37:[[1, 2, 4]] 41:[[1, 2, 4]] 43:[[1, 1, 4], [1, 1, 4]] 47:[[1, 2, 4]]
18001 1 2 3:[[1, 1, 2], [1, 1, 2]] 5:[[1, 2, 1], [1, 2, 1]] 7:[[1, 1, 2], [1, 1, 2]] 11:[[1, 2, 1], [1, 2, 1]] 13:[[1, 2, 1], [1, 2, 1]] 17:[[1, 1, 2], [1, 1, 2]] 19:[[1, 2, 2]] 23:[[1, 2, 2]] 29:[[1, 2, 2]] 31:[[1, 2, 2]] 37:[[1, 2, 2]] 41:[[1, 2, 1], [1, 2, 1]] 43:[[1, 2, 2]] 47:[[2, 2, 1]]
18097 3 3 3:[[1, 3, 1], [1, 3, 1]] 5:[[1, 2, 3]] 7:[[1, 3, 1], [1, 3, 1]] 11:[[1, 2, 3]] 13:[[1, 3, 1], [1, 3, 1]] 17:[[1, 3, 1], [1, 3, 1]] 19:[[1, 1, 3], [1, 1, 3]] 23:[[1, 2, 3]] 29:[[1, 1, 3], [1, 1, 3]] 31:[[1, 2, 3]] 37:[[1, 3, 1], [1, 3, 1]] 41:[[1, 3, 1], [1, 3, 1]] 43:[[1, 2, 3]] 47:[[1, 3, 1], [1, 3, 1]]
18137 1 2 3:[[1, 2, 2]] 5:[[1, 2, 2]] 7:[[2, 2, 1]] 11:[[1, 1, 2], [1, 1, 2]] 13:[[1, 2, 2]] 17:[[1, 2, 1], [1, 2, 1]] 19:[[1, 2, 1], [1, 2, 1]] 23:[[1, 1, 2], [1, 1, 2]] 29:[[1, 2, 2]] 31:[[1, 2, 1], [1, 2, 1]] 37:[[1, 1, 2], [1, 1, 2]] 41:[[1, 2, 2]] 43:[[1, 2, 2]] 47:[[1, 2, 1], [1, 2, 1]]
18193 2 4 3:[[1, 2, 2], [1, 2, 2]] 5:[[1, 2, 4]] 7:[[2, 2, 2]] 11:[[1, 2, 4]] 13:[[1, 2, 4]] 17:[[1, 2, 4]] 19:[[1, 2, 4]] 23:[[2, 2, 2]] 29:[[1, 2, 4]] 31:[[1, 2, 4]] 37:[[1, 2, 2], [1, 2, 2]] 41:[[1, 2, 4]] 43:[[1, 2, 2], [1, 2, 2]] 47:[[1, 2, 2], [1, 2, 2]]
18257 3 3 3:[[1, 2, 3]] 5:[[1, 2, 3]] 7:[[1, 3, 1], [1, 3, 1]] 11:[[1, 2, 3]] 13:[[1, 2, 3]] 17:[[1, 3, 1], [1, 3, 1]] 19:[[1, 3, 1], [1, 3, 1]] 23:[[1, 3, 1], [1, 3, 1]] 29:[[1, 3, 1], [1, 3, 1]] 31:[[1, 2, 3]] 37:[[1, 3, 1], [1, 3, 1]] 41:[[1, 2, 3]] 43:[[1, 3, 1], [1, 3, 1]] 47:[[1, 3, 1], [1, 3, 1]]
18377 2 4 3:[[1, 2, 4]] 5:[[1, 2, 4]] 7:[[1, 2, 2], [1, 2, 2]] 11:[[1, 2, 4]] 13:[[1, 2, 4]] 17:[[2, 2, 2]] 19:[[1, 2, 2], [1, 2, 2]] 23:[[2, 2, 2]] 29:[[1, 2, 2], [1, 2, 2]] 31:[[1, 2, 2], [1, 2, 2]] 37:[[1, 2, 2], [1, 2, 2]] 41:[[1, 2, 2], [1, 2, 2]] 43:[[1, 2, 2], [1, 2, 2]] 47:[[2, 1, 4]]
18529 1 2 3:[[1, 2, 1], [1, 2, 1]] 5:[[1, 2, 1], [1, 2, 1]] 7:[[2, 2, 1]] 11:[[1, 1, 2], [1, 1, 2]] 13:[[1, 2, 1], [1, 2, 1]] 17:[[1, 2, 1], [1, 2, 1]] 19:[[1, 2, 1], [1, 2, 1]] 23:[[1, 2, 2]] 29:[[1, 2, 2]] 31:[[1, 2, 2]] 37:[[1, 2, 2]] 41:[[1, 2, 2]] 43:[[1, 2, 2]] 47:[[1, 2, 2]]
18569 1 2 3:[[1, 2, 2]] 5:[[1, 1, 2], [1, 1, 2]] 7:[[1, 2, 2]] 11:[[1, 2, 1], [1, 2, 1]] 13:[[1, 2, 2]] 17:[[1, 2, 2]] 19:[[1, 1, 2], [1, 1, 2]] 23:[[1, 2, 1], [1, 2, 1]] 29:[[1, 2, 1], [1, 2, 1]] 31:[[2, 2, 1]] 37:[[1, 2, 2]] 41:[[1, 1, 2], [1, 1, 2]] 43:[[1, 2, 1], [1, 2, 1]] 47:[[1, 1, 2], [1, 1, 2]]
18641 1 2 3:[[1, 2, 2]] 5:[[1, 2, 1], [1, 2, 1]] 7:[[2, 1, 2]] 11:[[1, 2, 2]] 13:[[1, 2, 1], [1, 2, 1]] 17:[[1, 2, 1], [1, 2, 1]] 19:[[1, 2, 2]] 23:[[1, 2, 2]] 29:[[1, 1, 2], [1, 1, 2]] 31:[[1, 2, 1], [1, 2, 1]] 37:[[1, 1, 2], [1, 1, 2]] 41:[[1, 2, 2]] 43:[[1, 2, 2]] 47:[[1, 2, 2]]
18649 4 4 3:[[1, 4, 1], [1, 4, 1]] 5:[[1, 4, 1], [1, 4, 1]] 7:[[1, 4, 1], [1, 4, 1]] 11:[[1, 4, 1], [1, 4, 1]] 13:[[1, 2, 4]] 17:[[2, 2, 2]] 19:[[1, 2, 4]] 23:[[1, 2, 4]] 29:[[1, 2, 4]] 31:[[1, 4, 1], [1, 4, 1]] 37:[[1, 4, 1], [1, 4, 1]] 41:[[1, 2, 4]] 43:[[1, 2, 4]] 47:[[1, 2, 2], [1, 2, 2]]
18673 1 2 3:[[1, 1, 2], [1, 1, 2]] 5:[[1, 2, 2]] 7:[[1, 2, 1], [1, 2, 1]] 11:[[1, 2, 2]] 13:[[1, 2, 2]] 17:[[1, 2, 2]] 19:[[1, 2, 2]] 23:[[1, 2, 2]] 29:[[1, 2, 2]] 31:[[1, 2, 2]] 37:[[1, 1, 2], [1, 1, 2]] 41:[[1, 2, 1], [1, 2, 1]] 43:[[1, 1, 2], [1, 1, 2]] 47:[[1, 2, 1], [1, 2, 1]]
18737 2 2 3:[[1, 2, 2]] 5:[[1, 2, 2]] 7:[[1, 2, 2]] 11:[[1, 2, 1], [1, 2, 1]] 13:[[1, 2, 1], [1, 2, 1]] 17:[[1, 2, 2]] 19:[[1, 2, 2]] 23:[[1, 2, 2]] 29:[[1, 2, 2]] 31:[[1, 2, 2]] 37:[[1, 2, 2]] 41:[[2, 2, 1]] 43:[[1, 2, 2]] 47:[[1, 2, 2]]
18761 2 4 3:[[1, 2, 4]] 5:[[1, 4, 1], [1, 4, 1]] 7:[[1, 4, 1], [1, 4, 1]] 11:[[1, 2, 4]] 13:[[1, 2, 4]] 17:[[1, 2, 4]] 19:[[1, 2, 4]] 23:[[1, 1, 4], [1, 1, 4]] 29:[[1, 2, 4]] 31:[[1, 2, 4]] 37:[[1, 2, 4]] 41:[[1, 2, 4]] 43:[[1, 4, 1], [1, 4, 1]] 47:[[1, 4, 1], [1, 4, 1]]
18809 1 2 3:[[1, 2, 2]] 5:[[1, 2, 1], [1, 2, 1]] 7:[[2, 1, 2]] 11:[[1, 2, 2]] 13:[[1, 2, 2]] 17:[[1, 2, 2]] 19:[[1, 2, 2]] 23:[[1, 1, 2], [1, 1, 2]] 29:[[1, 2, 2]] 31:[[1, 2, 2]] 37:[[1, 2, 2]] 41:[[1, 2, 1], [1, 2, 1]] 43:[[1, 2, 2]] 47:[[1, 2, 1], [1, 2, 1]]
18881 1 2 3:[[1, 2, 2]] 5:[[1, 1, 2], [1, 1, 2]] 7:[[1, 2, 1], [1, 2, 1]] 11:[[1, 1, 2], [1, 1, 2]] 13:[[1, 2, 2]] 17:[[1, 2, 2]] 19:[[1, 2, 2]] 23:[[1, 2, 2]] 29:[[1, 2, 2]] 31:[[1, 1, 2], [1, 1, 2]] 37:[[1, 2, 1], [1, 2, 1]] 41:[[1, 2, 1], [1, 2, 1]] 43:[[1, 2, 1], [1, 2, 1]] 47:[[1, 2, 1], [1, 2, 1]]
18929 1 2 3:[[1, 2, 2]] 5:[[1, 2, 1], [1, 2, 1]] 7:[[1, 2, 1], [1, 2, 1]] 11:[[1, 2, 1], [1, 2, 1]] 13:[[1, 1, 2], [1, 1, 2]] 17:[[1, 2, 1], [1, 2, 1]] 19:[[1, 2, 1], [1, 2, 1]] 23:[[2, 2, 1]] 29:[[1, 2, 2]] 31:[[1, 1, 2], [1, 1, 2]] 37:[[1, 2, 2]] 41:[[1, 2, 2]] 43:[[1, 2, 1], [1, 2, 1]] 47:[[1, 2, 2]]
19033 1 2 3:[[1, 2, 1], [1, 2, 1]] 5:[[1, 2, 2]] 7:[[2, 1, 2]] 11:[[1, 1, 2], [1, 1, 2]] 13:[[1, 2, 1], [1, 2, 1]] 17:[[1, 2, 2]] 19:[[1, 2, 2]] 23:[[1, 1, 2], [1, 1, 2]] 29:[[1, 1, 2], [1, 1, 2]] 31:[[1, 2, 2]] 37:[[1, 2, 2]] 41:[[1, 2, 1], [1, 2, 1]] 43:[[1, 2, 2]] 47:[[1, 2, 2]]
19177 1 2 3:[[1, 2, 1], [1, 2, 1]] 5:[[1, 2, 2]] 7:[[1, 2, 1], [1, 2, 1]] 11:[[1, 1, 2], [1, 1, 2]] 13:[[1, 2, 2]] 17:[[1, 1, 2], [1, 1, 2]] 19:[[1, 1, 2], [1, 1, 2]] 23:[[1, 2, 1], [1, 2, 1]] 29:[[1, 2, 2]] 31:[[1, 1, 2], [1, 1, 2]] 37:[[1, 1, 2], [1, 1, 2]] 41:[[1, 2, 2]] 43:[[1, 2, 2]] 47:[[1, 1, 2], [1, 1, 2]]
19193 2 2 3:[[1, 2, 2]] 5:[[1, 2, 2]] 7:[[1, 2, 2]] 11:[[1, 2, 1], [1, 2, 1]] 13:[[1, 2, 2]] 17:[[2, 2, 1]] 19:[[1, 2, 2]] 23:[[1, 2, 2]] 29:[[1, 2, 1], [1, 2, 1]] 31:[[1, 2, 1], [1, 2, 1]] 37:[[1, 2, 1], [1, 2, 1]] 41:[[1, 2, 1], [1, 2, 1]] 43:[[1, 1, 2], [1, 1, 2]] 47:[[1, 1, 2], [1, 1, 2]]
19241 1 2 3:[[1, 2, 2]] 5:[[1, 1, 2], [1, 1, 2]] 7:[[1, 2, 2]] 11:[[1, 2, 2]] 13:[[1, 2, 1], [1, 2, 1]] 17:[[1, 2, 2]] 19:[[1, 2, 2]] 23:[[1, 2, 1], [1, 2, 1]] 29:[[1, 2, 2]] 31:[[1, 2, 2]] 37:[[1, 1, 2], [1, 1, 2]] 41:[[1, 2, 2]] 43:[[1, 2, 2]] 47:[[1, 2, 1], [1, 2, 1]]
19297 1 2 3:[[1, 1, 2], [1, 1, 2]] 5:[[1, 2, 2]] 7:[[1, 2, 2]] 11:[[1, 2, 1], [1, 2, 1]] 13:[[1, 2, 2]] 17:[[1, 2, 1], [1, 2, 1]] 19:[[1, 2, 2]] 23:[[2, 1, 2]] 29:[[1, 2, 2]] 31:[[1, 2, 2]] 37:[[1, 2, 2]] 41:[[1, 2, 2]] 43:[[1, 2, 2]] 47:[[1, 1, 2], [1, 1, 2]]
19313 2 4 3:[[1, 2, 4]] 5:[[1, 2, 4]] 7:[[2, 2, 2]] 11:[[1, 2, 4]] 13:[[1, 2, 4]] 17:[[1, 2, 2], [1, 2, 2]] 19:[[1, 2, 2], [1, 2, 2]] 23:[[1, 2, 2], [1, 2, 2]] 29:[[1, 2, 2], [1, 2, 2]] 31:[[2, 2, 2]] 37:[[1, 2, 2], [1, 2, 2]] 41:[[1, 2, 2], [1, 2, 2]] 43:[[1, 2, 2], [1, 2, 2]] 47:[[1, 2, 4]]
19369 1 2 3:[[1, 2, 1], [1, 2, 1]] 5:[[1, 2, 1], [1, 2, 1]] 7:[[2, 2, 1]] 11:[[1, 1, 2], [1, 1, 2]] 13:[[1, 2, 1], [1, 2, 1]] 17:[[1, 2, 2]] 19:[[1, 2, 2]] 23:[[1, 1, 2], [1, 1, 2]] 29:[[1, 2, 2]] 31:[[1, 2, 1], [1, 2, 1]] 37:[[1, 2, 2]] 41:[[1, 2, 2]] 43:[[1, 2, 2]] 47:[[1, 2, 2]]
19537 1 2 3:[[1, 2, 1], [1, 2, 1]] 5:[[1, 2, 2]] 7:[[2, 1, 2]] 11:[[1, 1, 2], [1, 1, 2]] 13:[[1, 2, 2]] 17:[[1, 2, 1], [1, 2, 1]] 19:[[1, 2, 1], [1, 2, 1]] 23:[[1, 2, 2]] 29:[[1, 1, 2], [1, 1, 2]] 31:[[1, 2, 1], [1, 2, 1]] 37:[[1, 1, 2], [1, 1, 2]] 41:[[1, 2, 1], [1, 2, 1]] 43:[[1, 1, 2], [1, 1, 2]] 47:[[1, 2, 1], [1, 2, 1]]
19561 1 2 3:[[1, 2, 1], [1, 2, 1]] 5:[[1, 1, 2], [1, 1, 2]] 7:[[1, 2, 2]] 11:[[1, 2, 1], [1, 2, 1]] 13:[[1, 2, 1], [1, 2, 1]] 17:[[1, 2, 2]] 19:[[1, 2, 2]] 23:[[1, 2, 2]] 29:[[1, 2, 2]] 31:[[2, 1, 2]] 37:[[1, 2, 1], [1, 2, 1]] 41:[[1, 1, 2], [1, 1, 2]] 43:[[1, 2, 2]] 47:[[1, 1, 2], [1, 1, 2]]
19673 1 2 3:[[1, 2, 2]] 5:[[1, 2, 2]] 7:[[1, 2, 2]] 11:[[1, 2, 1], [1, 2, 1]] 13:[[1, 1, 2], [1, 1, 2]] 17:[[1, 1, 2], [1, 1, 2]] 19:[[1, 2, 2]] 23:[[1, 1, 2], [1, 1, 2]] 29:[[1, 2, 2]] 31:[[1, 2, 1], [1, 2, 1]] 37:[[1, 2, 1], [1, 2, 1]] 41:[[1, 2, 2]] 43:[[1, 2, 2]] 47:[[1, 2, 1], [1, 2, 1]]
19849 1 2 3:[[1, 1, 2], [1, 1, 2]] 5:[[1, 2, 1], [1, 2, 1]] 7:[[1, 2, 1], [1, 2, 1]] 11:[[1, 2, 1], [1, 2, 1]] 13:[[1, 2, 2]] 17:[[1, 2, 2]] 19:[[1, 2, 2]] 23:[[2, 2, 1]] 29:[[1, 1, 2], [1, 1, 2]] 31:[[1, 1, 2], [1, 1, 2]] 37:[[1, 2, 2]] 41:[[1, 1, 2], [1, 1, 2]] 43:[[1, 2, 2]] 47:[[1, 2, 2]]
19873 2 4 3:[[1, 2, 2], [1, 2, 2]] 5:[[1, 2, 4]] 7:[[2, 2, 2]] 11:[[1, 2, 4]] 13:[[1, 2, 2], [1, 2, 2]] 17:[[2, 2, 2]] 19:[[1, 2, 4]] 23:[[1, 2, 2], [1, 2, 2]] 29:[[1, 2, 4]] 31:[[1, 2, 2], [1, 2, 2]] 37:[[1, 2, 2], [1, 2, 2]] 41:[[1, 2, 4]] 43:[[1, 2, 4]] 47:[[1, 2, 4]]
